1592995591,s1-eth1,0.00,0.00,0.00,0,0,0.00,0.00,0.00,0,0,0.00,0.00,0,0
1592995591,s1-eth2,0.00,0.00,0.00,0,0,0.00,0.00,0.00,0,0,0.00,0.00,0,0
1592995591,s2-eth1,0.00,0.00,0.00,0,0,0.00,0.00,0.00,0,0,0.00,0.00,0,0
1592995591,s2-eth2,0.00,0.00,0.00,0,0,0.00,0.00,0.00,0,0,0.00,0.00,0,0
1592995591,s3-eth1,0.00,0.00,0.00,0,0,0.00,0.00,0.00,0,0,0.00,0.00,0,0
1592995591,s3-eth2,0.00,0.00,0.00,0,0,0.00,0.00,0.00,0,0,0.00,0.00,0,0
1592995591,eth0,0.00,0.00,0.00,0,0,0.00,0.00,0.00,0,0,0.00,0.00,0,0
1592995591,lo,0.00,0.00,0.00,0,0,0.00,0.00,0.00,0,0,0.00,0.00,0,0
1592995591,total,0.00,0.00,0.00,0,0,0.00,0.00,0.00,0,0,0.00,0.00,0,0
1592995592,s1-eth1,1876446.00,45672.00,1922118.00,45672,1876446,1243.00,692.00,1935.00,692,1243,0.00,0.00,0,0
1592995592,s1-eth2,44682.00,1876446.00,1921128.00,1876446,44682,677.00,1243.00,1920.00,1243,677,0.00,0.00,0,0
1592995592,s2-eth1,1876446.00,44682.00,1921128.00,44682,1876446,1243.00,677.00,1920.00,677,1243,0.00,0.00,0,0
1592995592,s2-eth2,44286.00,1876446.00,1920732.00,1876446,44286,671.00,1243.00,1914.00,1243,671,0.00,0.00,0,0
1592995592,s3-eth1,1876446.00,44286.00,1920732.00,44286,1876446,1243.00,671.00,1914.00,671,1243,0.00,0.00,0,0
1592995592,s3-eth2,43494.00,1894614.00,1938108.00,1894614,43494,659.00,1255.00,1914.00,1255,659,0.00,0.00,0,0
1592995592,eth0,0.00,0.00,0.00,0,0,0.00,0.00,0.00,0,0,0.00,0.00,0,0
1592995592,lo,0.00,0.00,0.00,0,0,0.00,0.00,0.00,0,0,0.00,0.00,0,0
1592995592,total,5761800.00,5782146.00,11543946.00,5782146,5761800,5736.00,5781.00,11517.00,5781,5736,0.00,0.00,0,0
1592995593,s1-eth1,4989978.00,117414.00,5107392.00,117414,4989978,3301.00,1779.00,5080.00,1779,3301,0.00,0.00,0,0
1592995593,s1-eth2,117678.00,5052982.00,5170660.00,5052982,117678,1783.00,3343.00,5126.00,3343,1783,0.00,0.00,0,0
1592995593,s2-eth1,5052982.00,117678.00,5170660.00,117678,5052982,3343.00,1783.00,5126.00,1783,3343,0.00,0.00,0,0
1592995593,s2-eth2,116424.00,5115056.00,5231480.00,5115056,116424,1764.00,3384.00,5148.00,3384,1764,0.00,0.00,0,0
1592995593,s3-eth1,5115056.00,116424.00,5231480.00,116424,5115056,3384.00,1764.00,5148.00,1764,3384,0.00,0.00,0,0
1592995593,s3-eth2,115170.00,5160476.00,5275646.00,5160476,115170,1745.00,3414.00,5159.00,3414,1745,0.00,0.00,0,0
1592995593,eth0,0.00,0.00,0.00,0,0,0.00,0.00,0.00,0,0,0.00,0.00,0,0
1592995593,lo,0.00,0.00,0.00,0,0,0.00,0.00,0.00,0,0,0.00,0.00,0,0
1592995593,total,15507288.00,15680030.00,31187318.00,15680030,15507288,15320.00,15467.00,30787.00,15467,15320,0.00,0.00,0,0
1592995594,s1-eth1,6243152.00,136092.00,6379244.00,136092,6243152,4124.00,2062.00,6186.00,2062,4124,0.00,0.00,0,0
1592995594,s1-eth2,136026.00,6242222.00,6378248.00,6242222,136026,2061.00,4123.00,6184.00,4123,2061,0.00,0.00,0,0
1592995594,s2-eth1,6242222.00,136026.00,6378248.00,136026,6242222,4123.00,2061.00,6184.00,2061,4123,0.00,0.00,0,0
1592995594,s2-eth2,137412.00,6242222.00,6379634.00,6242222,137412,2082.00,4123.00,6205.00,4123,2082,0.00,0.00,0,0
1592995594,s3-eth1,6242222.00,137412.00,6379634.00,137412,6242222,4123.00,2082.00,6205.00,2082,4123,0.00,0.00,0,0
1592995594,s3-eth2,138138.00,6242222.00,6380360.00,6242222,138138,2093.00,4123.00,6216.00,4123,2093,0.00,0.00,0,0
1592995594,eth0,0.00,0.00,0.00,0,0,0.00,0.00,0.00,0,0,0.00,0.00,0,0
1592995594,lo,0.00,0.00,0.00,0,0,0.00,0.00,0.00,0,0,0.00,0.00,0,0
1592995594,total,19139172.00,19136196.00,38275368.00,19136196,19139172,18606.00,18574.00,37180.00,18574,18606,0.00,0.00,0,0
1592995595,s1-eth1,6241316.00,136294.00,6377610.00,136294,6241316,4128.00,2065.00,6193.00,2065,4128,0.00,0.00,0,0
1592995595,s1-eth2,136294.00,6241550.00,6377844.00,6241550,136294,2065.00,4129.00,6194.00,4129,2065,0.00,0.00,0,0
1592995595,s2-eth1,6241550.00,136294.00,6377844.00,136294,6241550,4129.00,2065.00,6194.00,2065,4129,0.00,0.00,0,0
1592995595,s2-eth2,136360.00,6241550.00,6377910.00,6241550,136360,2066.00,4129.00,6195.00,4129,2066,0.00,0.00,0,0
1592995595,s3-eth1,6241550.00,136360.00,6377910.00,136360,6241550,4129.00,2066.00,6195.00,2066,4129,0.00,0.00,0,0
1592995595,s3-eth2,136294.00,6241550.00,6377844.00,6241550,136294,2065.00,4129.00,6194.00,4129,2065,0.00,0.00,0,0
1592995595,eth0,0.00,0.00,0.00,0,0,0.00,0.00,0.00,0,0,0.00,0.00,0,0
1592995595,lo,1608.00,1608.00,3216.00,1608,1608,18.00,18.00,36.00,18,18,0.00,0.00,0,0
1592995595,total,19134972.00,19135206.00,38270176.00,19135206,19134972,18600.00,18601.00,37201.00,18601,18600,0.00,0.00,0,0
1592995596,s1-eth1,6231342.00,136182.00,6367524.00,136182,6231342,4123.00,2063.00,6186.00,2063,4123,0.00,0.00,0,0
1592995596,s1-eth2,136248.00,6232622.00,6368870.00,6232622,136248,2064.00,4123.00,6187.00,4123,2064,0.00,0.00,0,0
1592995596,s2-eth1,6232622.00,136248.00,6368870.00,136248,6232622,4123.00,2064.00,6187.00,2064,4123,0.00,0.00,0,0
1592995596,s2-eth2,136182.00,6232622.00,6368804.00,6232622,136182,2063.00,4123.00,6186.00,4123,2063,0.00,0.00,0,0
1592995596,s3-eth1,6232622.00,136182.00,6368804.00,136182,6232622,4123.00,2063.00,6186.00,2063,4123,0.00,0.00,0,0
1592995596,s3-eth2,136182.00,6232622.00,6368804.00,6232622,136182,2063.00,4123.00,6186.00,4123,2063,0.00,0.00,0,0
1592995596,eth0,0.00,0.00,0.00,0,0,0.00,0.00,0.00,0,0,0.00,0.00,0,0
1592995596,lo,864.00,864.00,1728.00,864,864,9.00,9.00,18.00,9,9,0.00,0.00,0,0
1592995596,total,19106062.00,19107342.00,38213404.00,19107342,19106062,18568.00,18568.00,37136.00,18568,18568,0.00,0.00,0,0
1592995597,s1-eth1,6196108.00,135300.00,6331408.00,135300,6196108,4098.00,2050.00,6148.00,2050,4098,0.00,0.00,0,0
1592995597,s1-eth2,135234.00,6194594.00,6329828.00,6194594,135234,2049.00,4097.00,6146.00,4097,2049,0.00,0.00,0,0
1592995597,s2-eth1,6194594.00,135234.00,6329828.00,135234,6194594,4097.00,2049.00,6146.00,2049,4097,0.00,0.00,0,0
1592995597,s2-eth2,135300.00,6196108.00,6331408.00,6196108,135300,2050.00,4098.00,6148.00,4098,2050,0.00,0.00,0,0
1592995597,s3-eth1,6196108.00,135300.00,6331408.00,135300,6196108,4098.00,2050.00,6148.00,2050,4098,0.00,0.00,0,0
1592995597,s3-eth2,135300.00,6194594.00,6329894.00,6194594,135300,2050.00,4097.00,6147.00,4097,2050,0.00,0.00,0,0
1592995597,eth0,342.00,342.00,684.00,342,342,1.00,1.00,2.00,1,1,0.00,0.00,0,0
1592995597,lo,0.00,0.00,0.00,0,0,0.00,0.00,0.00,0,0,0.00,0.00,0,0
1592995597,total,18992986.00,18991472.00,37984456.00,18991472,18992986,18443.00,18442.00,36885.00,18442,18443,0.00,0.00,0,0
1592995598,s1-eth1,6251306.00,136290.00,6387596.00,136290,6251306,4129.00,2065.00,6194.00,2065,4129,0.00,0.00,0,0
1592995598,s1-eth2,136290.00,6252820.00,6389110.00,6252820,136290,2065.00,4130.00,6195.00,4130,2065,0.00,0.00,0,0
1592995598,s2-eth1,6252820.00,136290.00,6389110.00,136290,6252820,4130.00,2065.00,6195.00,2065,4130,0.00,0.00,0,0
1592995598,s2-eth2,136224.00,6251306.00,6387530.00,6251306,136224,2064.00,4129.00,6193.00,4129,2064,0.00,0.00,0,0
1592995598,s3-eth1,6251306.00,136224.00,6387530.00,136224,6251306,4129.00,2064.00,6193.00,2064,4129,0.00,0.00,0,0
1592995598,s3-eth2,136224.00,6252820.00,6389044.00,6252820,136224,2064.00,4130.00,6194.00,4130,2064,0.00,0.00,0,0
1592995598,eth0,0.00,0.00,0.00,0,0,0.00,0.00,0.00,0,0,0.00,0.00,0,0
1592995598,lo,0.00,0.00,0.00,0,0,0.00,0.00,0.00,0,0,0.00,0.00,0,0
1592995598,total,19164170.00,19165750.00,38329920.00,19165750,19164170,18581.00,18583.00,37164.00,18583,18581,0.00,0.00,0,0
1592995599,s1-eth1,6242352.00,136162.00,6378514.00,136162,6242352,4126.00,2063.00,6189.00,2063,4126,0.00,0.00,0,0
1592995599,s1-eth2,136228.00,6240838.00,6377066.00,6240838,136228,2064.00,4125.00,6189.00,4125,2064,0.00,0.00,0,0
1592995599,s2-eth1,6240838.00,136228.00,6377066.00,136228,6240838,4125.00,2064.00,6189.00,2064,4125,0.00,0.00,0,0
1592995599,s2-eth2,136228.00,6242352.00,6378580.00,6242352,136228,2064.00,4126.00,6190.00,4126,2064,0.00,0.00,0,0
1592995599,s3-eth1,6242352.00,136228.00,6378580.00,136228,6242352,4126.00,2064.00,6190.00,2064,4126,0.00,0.00,0,0
1592995599,s3-eth2,136228.00,6242352.00,6378580.00,6242352,136228,2064.00,4126.00,6190.00,4126,2064,0.00,0.00,0,0
1592995599,eth0,0.00,0.00,0.00,0,0,0.00,0.00,0.00,0,0,0.00,0.00,0,0
1592995599,lo,1608.00,1608.00,3216.00,1608,1608,18.00,18.00,36.00,18,18,0.00,0.00,0,0
1592995599,total,19135834.00,19135768.00,38271600.00,19135768,19135834,18587.00,18586.00,37173.00,18586,18587,0.00,0.00,0,0
1592995600,s1-eth1,6241956.00,136290.00,6378246.00,136290,6241956,4126.00,2065.00,6191.00,2065,4126,0.00,0.00,0,0
1592995600,s1-eth2,136224.00,6241956.00,6378180.00,6241956,136224,2064.00,4126.00,6190.00,4126,2064,0.00,0.00,0,0
1592995600,s2-eth1,6241956.00,136224.00,6378180.00,136224,6241956,4126.00,2064.00,6190.00,2064,4126,0.00,0.00,0,0
1592995600,s2-eth2,136290.00,6241956.00,6378246.00,6241956,136290,2065.00,4126.00,6191.00,4126,2065,0.00,0.00,0,0
1592995600,s3-eth1,6241956.00,136290.00,6378246.00,136290,6241956,4126.00,2065.00,6191.00,2065,4126,0.00,0.00,0,0
1592995600,s3-eth2,136290.00,6242190.00,6378480.00,6242190,136290,2065.00,4127.00,6192.00,4127,2065,0.00,0.00,0,0
1592995600,eth0,0.00,0.00,0.00,0,0,0.00,0.00,0.00,0,0,0.00,0.00,0,0
1592995600,lo,0.00,0.00,0.00,0,0,0.00,0.00,0.00,0,0,0.00,0.00,0,0
1592995600,total,19134672.00,19134906.00,38269576.00,19134906,19134672,18572.00,18573.00,37145.00,18573,18572,0.00,0.00,0,0
1592995601,s1-eth1,6250648.00,136422.00,6387070.00,136422,6250648,4132.00,2067.00,6199.00,2067,4132,0.00,0.00,0,0
1592995601,s1-eth2,136488.00,6252162.00,6388650.00,6252162,136488,2068.00,4133.00,6201.00,4133,2068,0.00,0.00,0,0
1592995601,s2-eth1,6252162.00,136488.00,6388650.00,136488,6252162,4133.00,2068.00,6201.00,2068,4133,0.00,0.00,0,0
1592995601,s2-eth2,136422.00,6252162.00,6388584.00,6252162,136422,2067.00,4133.00,6200.00,4133,2067,0.00,0.00,0,0
1592995601,s3-eth1,6252162.00,136422.00,6388584.00,136422,6252162,4133.00,2067.00,6200.00,2067,4133,0.00,0.00,0,0
1592995601,s3-eth2,136422.00,6251928.00,6388350.00,6251928,136422,2067.00,4132.00,6199.00,4132,2067,0.00,0.00,0,0
1592995601,eth0,0.00,0.00,0.00,0,0,0.00,0.00,0.00,0,0,0.00,0.00,0,0
1592995601,lo,0.00,0.00,0.00,0,0,0.00,0.00,0.00,0,0,0.00,0.00,0,0
1592995601,total,19164304.00,19165584.00,38329888.00,19165584,19164304,18600.00,18600.00,37200.00,18600,18600,0.00,0.00,0,0
1592995602,s1-eth1,6250728.00,136356.00,6387084.00,136356,6250728,4132.00,2066.00,6198.00,2066,4132,0.00,0.00,0,0
1592995602,s1-eth2,136356.00,6250728.00,6387084.00,6250728,136356,2066.00,4132.00,6198.00,4132,2066,0.00,0.00,0,0
1592995602,s2-eth1,6250728.00,136356.00,6387084.00,136356,6250728,4132.00,2066.00,6198.00,2066,4132,0.00,0.00,0,0
1592995602,s2-eth2,136356.00,6250728.00,6387084.00,6250728,136356,2066.00,4132.00,6198.00,4132,2066,0.00,0.00,0,0
1592995602,s3-eth1,6250728.00,136356.00,6387084.00,136356,6250728,4132.00,2066.00,6198.00,2066,4132,0.00,0.00,0,0
1592995602,s3-eth2,136356.00,6250728.00,6387084.00,6250728,136356,2066.00,4132.00,6198.00,4132,2066,0.00,0.00,0,0
1592995602,eth0,60.00,60.00,120.00,60,60,1.00,1.00,2.00,1,1,0.00,0.00,0,0
1592995602,lo,0.00,0.00,0.00,0,0,0.00,0.00,0.00,0,0,0.00,0.00,0,0
1592995602,total,19161312.00,19161312.00,38322624.00,19161312,19161312,18595.00,18595.00,37190.00,18595,18595,0.00,0.00,0,0
1592995603,s1-eth1,6241920.00,136224.00,6378144.00,136224,6241920,4128.00,2064.00,6192.00,2064,4128,0.00,0.00,0,0
1592995603,s1-eth2,136224.00,6241920.00,6378144.00,6241920,136224,2064.00,4128.00,6192.00,4128,2064,0.00,0.00,0,0
1592995603,s2-eth1,6241920.00,136224.00,6378144.00,136224,6241920,4128.00,2064.00,6192.00,2064,4128,0.00,0.00,0,0
1592995603,s2-eth2,136224.00,6241920.00,6378144.00,6241920,136224,2064.00,4128.00,6192.00,4128,2064,0.00,0.00,0,0
1592995603,s3-eth1,6241920.00,136224.00,6378144.00,136224,6241920,4128.00,2064.00,6192.00,2064,4128,0.00,0.00,0,0
1592995603,s3-eth2,136224.00,6241920.00,6378144.00,6241920,136224,2064.00,4128.00,6192.00,4128,2064,0.00,0.00,0,0
1592995603,eth0,0.00,0.00,0.00,0,0,0.00,0.00,0.00,0,0,0.00,0.00,0,0
1592995603,lo,0.00,0.00,0.00,0,0,0.00,0.00,0.00,0,0,0.00,0.00,0,0
1592995603,total,19134432.00,19134432.00,38268864.00,19134432,19134432,18576.00,18576.00,37152.00,18576,18576,0.00,0.00,0,0
1592995604,s1-eth1,6252574.00,136488.00,6389062.00,136488,6252574,4135.00,2068.00,6203.00,2068,4135,0.00,0.00,0,0
1592995604,s1-eth2,136422.00,6252574.00,6388996.00,6252574,136422,2067.00,4135.00,6202.00,4135,2067,0.00,0.00,0,0
1592995604,s2-eth1,6252574.00,136422.00,6388996.00,136422,6252574,4135.00,2067.00,6202.00,2067,4135,0.00,0.00,0,0
1592995604,s2-eth2,136488.00,6252574.00,6389062.00,6252574,136488,2068.00,4135.00,6203.00,4135,2068,0.00,0.00,0,0
1592995604,s3-eth1,6252574.00,136488.00,6389062.00,136488,6252574,4135.00,2068.00,6203.00,2068,4135,0.00,0.00,0,0
1592995604,s3-eth2,136488.00,6252574.00,6389062.00,6252574,136488,2068.00,4135.00,6203.00,4135,2068,0.00,0.00,0,0
1592995604,eth0,0.00,0.00,0.00,0,0,0.00,0.00,0.00,0,0,0.00,0.00,0,0
1592995604,lo,516.00,516.00,1032.00,516,516,9.00,9.00,18.00,9,9,0.00,0.00,0,0
1592995604,total,19167636.00,19167636.00,38335272.00,19167636,19167636,18617.00,18617.00,37234.00,18617,18617,0.00,0.00,0,0
1592995605,s1-eth1,6241686.00,136224.00,6377910.00,136224,6241686,4127.00,2064.00,6191.00,2064,4127,0.00,0.00,0,0
1592995605,s1-eth2,136224.00,6241686.00,6377910.00,6241686,136224,2064.00,4127.00,6191.00,4127,2064,0.00,0.00,0,0
1592995605,s2-eth1,6241686.00,136224.00,6377910.00,136224,6241686,4127.00,2064.00,6191.00,2064,4127,0.00,0.00,0,0
1592995605,s2-eth2,136158.00,6241686.00,6377844.00,6241686,136158,2063.00,4127.00,6190.00,4127,2063,0.00,0.00,0,0
1592995605,s3-eth1,6241686.00,136158.00,6377844.00,136158,6241686,4127.00,2063.00,6190.00,2063,4127,0.00,0.00,0,0
1592995605,s3-eth2,136158.00,6241686.00,6377844.00,6241686,136158,2063.00,4127.00,6190.00,4127,2063,0.00,0.00,0,0
1592995605,eth0,0.00,0.00,0.00,0,0,0.00,0.00,0.00,0,0,0.00,0.00,0,0
1592995605,lo,0.00,0.00,0.00,0,0,0.00,0.00,0.00,0,0,0.00,0.00,0,0
1592995605,total,19133598.00,19133664.00,38267264.00,19133664,19133598,18571.00,18572.00,37143.00,18572,18571,0.00,0.00,0,0
1592995606,s1-eth1,6233882.00,136026.00,6369908.00,136026,6233882,4121.00,2061.00,6182.00,2061,4121,0.00,0.00,0,0
1592995606,s1-eth2,136026.00,6233882.00,6369908.00,6233882,136026,2061.00,4121.00,6182.00,4121,2061,0.00,0.00,0,0
1592995606,s2-eth1,6233882.00,136026.00,6369908.00,136026,6233882,4121.00,2061.00,6182.00,2061,4121,0.00,0.00,0,0
1592995606,s2-eth2,136092.00,6233882.00,6369974.00,6233882,136092,2062.00,4121.00,6183.00,4121,2062,0.00,0.00,0,0
1592995606,s3-eth1,6233882.00,136092.00,6369974.00,136092,6233882,4121.00,2062.00,6183.00,2062,4121,0.00,0.00,0,0
1592995606,s3-eth2,136092.00,6233882.00,6369974.00,6233882,136092,2062.00,4121.00,6183.00,4121,2062,0.00,0.00,0,0
1592995606,eth0,0.00,0.00,0.00,0,0,0.00,0.00,0.00,0,0,0.00,0.00,0,0
1592995606,lo,0.00,0.00,0.00,0,0,0.00,0.00,0.00,0,0,0.00,0.00,0,0
1592995606,total,19109856.00,19109790.00,38219648.00,19109790,19109856,18548.00,18547.00,37095.00,18547,18548,0.00,0.00,0,0
1592995607,s1-eth1,6250836.00,136422.00,6387258.00,136422,6250836,4134.00,2067.00,6201.00,2067,4134,0.00,0.00,0,0
1592995607,s1-eth2,136422.00,6250836.00,6387258.00,6250836,136422,2067.00,4134.00,6201.00,4134,2067,0.00,0.00,0,0
1592995607,s2-eth1,6250836.00,136422.00,6387258.00,136422,6250836,4134.00,2067.00,6201.00,2067,4134,0.00,0.00,0,0
1592995607,s2-eth2,136422.00,6250836.00,6387258.00,6250836,136422,2067.00,4134.00,6201.00,4134,2067,0.00,0.00,0,0
1592995607,s3-eth1,6250836.00,136422.00,6387258.00,136422,6250836,4134.00,2067.00,6201.00,2067,4134,0.00,0.00,0,0
1592995607,s3-eth2,136422.00,6250836.00,6387258.00,6250836,136422,2067.00,4134.00,6201.00,4134,2067,0.00,0.00,0,0
1592995607,eth0,0.00,0.00,0.00,0,0,0.00,0.00,0.00,0,0,0.00,0.00,0,0
1592995607,lo,0.00,0.00,0.00,0,0,0.00,0.00,0.00,0,0,0.00,0.00,0,0
1592995607,total,19161774.00,19161774.00,38323548.00,19161774,19161774,18603.00,18603.00,37206.00,18603,18603,0.00,0.00,0,0
1592995608,s1-eth1,6251374.00,136554.00,6387928.00,136554,6251374,4135.00,2069.00,6204.00,2069,4135,0.00,0.00,0,0
1592995608,s1-eth2,136554.00,6251608.00,6388162.00,6251608,136554,2069.00,4136.00,6205.00,4136,2069,0.00,0.00,0,0
1592995608,s2-eth1,6251608.00,136554.00,6388162.00,136554,6251608,4136.00,2069.00,6205.00,2069,4136,0.00,0.00,0,0
1592995608,s2-eth2,136488.00,6251608.00,6388096.00,6251608,136488,2068.00,4136.00,6204.00,4136,2068,0.00,0.00,0,0
1592995608,s3-eth1,6251608.00,136488.00,6388096.00,136488,6251608,4136.00,2068.00,6204.00,2068,4136,0.00,0.00,0,0
1592995608,s3-eth2,136554.00,6251608.00,6388162.00,6251608,136554,2069.00,4136.00,6205.00,4136,2069,0.00,0.00,0,0
1592995608,eth0,0.00,0.00,0.00,0,0,0.00,0.00,0.00,0,0,0.00,0.00,0,0
1592995608,lo,0.00,0.00,0.00,0,0,0.00,0.00,0.00,0,0,0.00,0.00,0,0
1592995608,total,19164186.00,19164420.00,38328608.00,19164420,19164186,18613.00,18614.00,37227.00,18614,18613,0.00,0.00,0,0
1592995609,s1-eth1,6252360.00,136488.00,6388848.00,136488,6252360,4136.00,2068.00,6204.00,2068,4136,0.00,0.00,0,0
1592995609,s1-eth2,136488.00,6252126.00,6388614.00,6252126,136488,2068.00,4135.00,6203.00,4135,2068,0.00,0.00,0,0
1592995609,s2-eth1,6252126.00,136488.00,6388614.00,136488,6252126,4135.00,2068.00,6203.00,2068,4135,0.00,0.00,0,0
1592995609,s2-eth2,136554.00,6252126.00,6388680.00,6252126,136554,2069.00,4135.00,6204.00,4135,2069,0.00,0.00,0,0
1592995609,s3-eth1,6252126.00,136554.00,6388680.00,136554,6252126,4135.00,2069.00,6204.00,2069,4135,0.00,0.00,0,0
1592995609,s3-eth2,136488.00,6252126.00,6388614.00,6252126,136488,2068.00,4135.00,6203.00,4135,2068,0.00,0.00,0,0
1592995609,eth0,0.00,0.00,0.00,0,0,0.00,0.00,0.00,0,0,0.00,0.00,0,0
1592995609,lo,516.00,516.00,1032.00,516,516,9.00,9.00,18.00,9,9,0.00,0.00,0,0
1592995609,total,19166658.00,19166424.00,38333080.00,19166424,19166658,18620.00,18619.00,37239.00,18619,18620,0.00,0.00,0,0
1592995610,s1-eth1,6251882.00,136620.00,6388502.00,136620,6251882,4133.00,2070.00,6203.00,2070,4133,0.00,0.00,0,0
1592995610,s1-eth2,136620.00,6251882.00,6388502.00,6251882,136620,2070.00,4133.00,6203.00,4133,2070,0.00,0.00,0,0
1592995610,s2-eth1,6251882.00,136620.00,6388502.00,136620,6251882,4133.00,2070.00,6203.00,2070,4133,0.00,0.00,0,0
1592995610,s2-eth2,136554.00,6251882.00,6388436.00,6251882,136554,2069.00,4133.00,6202.00,4133,2069,0.00,0.00,0,0
1592995610,s3-eth1,6251882.00,136554.00,6388436.00,136554,6251882,4133.00,2069.00,6202.00,2069,4133,0.00,0.00,0,0
1592995610,s3-eth2,136620.00,6251882.00,6388502.00,6251882,136620,2070.00,4133.00,6203.00,4133,2070,0.00,0.00,0,0
1592995610,eth0,0.00,0.00,0.00,0,0,0.00,0.00,0.00,0,0,0.00,0.00,0,0
1592995610,lo,0.00,0.00,0.00,0,0,0.00,0.00,0.00,0,0,0.00,0.00,0,0
1592995610,total,19165440.00,19165440.00,38330880.00,19165440,19165440,18608.00,18608.00,37216.00,18608,18608,0.00,0.00,0,0
1592995611,s1-eth1,6232638.00,135960.00,6368598.00,135960,6232638,4119.00,2060.00,6179.00,2060,4119,0.00,0.00,0,0
1592995611,s1-eth2,135960.00,6232638.00,6368598.00,6232638,135960,2060.00,4119.00,6179.00,4119,2060,0.00,0.00,0,0
1592995611,s2-eth1,6232638.00,135960.00,6368598.00,135960,6232638,4119.00,2060.00,6179.00,2060,4119,0.00,0.00,0,0
1592995611,s2-eth2,136026.00,6232638.00,6368664.00,6232638,136026,2061.00,4119.00,6180.00,4119,2061,0.00,0.00,0,0
1592995611,s3-eth1,6232638.00,136026.00,6368664.00,136026,6232638,4119.00,2061.00,6180.00,2061,4119,0.00,0.00,0,0
1592995611,s3-eth2,135960.00,6232638.00,6368598.00,6232638,135960,2060.00,4119.00,6179.00,4119,2060,0.00,0.00,0,0
1592995611,eth0,0.00,0.00,0.00,0,0,0.00,0.00,0.00,0,0,0.00,0.00,0,0
1592995611,lo,0.00,0.00,0.00,0,0,0.00,0.00,0.00,0,0,0.00,0.00,0,0
1592995611,total,19105860.00,19105860.00,38211720.00,19105860,19105860,18538.00,18538.00,37076.00,18538,18538,0.00,0.00,0,0
1592995612,s1-eth1,6231982.00,136026.00,6368008.00,136026,6231982,4123.00,2061.00,6184.00,2061,4123,0.00,0.00,0,0
1592995612,s1-eth2,136026.00,6231982.00,6368008.00,6231982,136026,2061.00,4123.00,6184.00,4123,2061,0.00,0.00,0,0
1592995612,s2-eth1,6231982.00,136026.00,6368008.00,136026,6231982,4123.00,2061.00,6184.00,2061,4123,0.00,0.00,0,0
1592995612,s2-eth2,136026.00,6231982.00,6368008.00,6231982,136026,2061.00,4123.00,6184.00,4123,2061,0.00,0.00,0,0
1592995612,s3-eth1,6231982.00,136026.00,6368008.00,136026,6231982,4123.00,2061.00,6184.00,2061,4123,0.00,0.00,0,0
1592995612,s3-eth2,136026.00,6231982.00,6368008.00,6231982,136026,2061.00,4123.00,6184.00,4123,2061,0.00,0.00,0,0
1592995612,eth0,0.00,0.00,0.00,0,0,0.00,0.00,0.00,0,0,0.00,0.00,0,0
1592995612,lo,0.00,0.00,0.00,0,0,0.00,0.00,0.00,0,0,0.00,0.00,0,0
1592995612,total,19104024.00,19104024.00,38208048.00,19104024,19104024,18552.00,18552.00,37104.00,18552,18552,0.00,0.00,0,0
1592995613,s1-eth1,6252126.00,136488.00,6388614.00,136488,6252126,4135.00,2068.00,6203.00,2068,4135,0.00,0.00,0,0
1592995613,s1-eth2,136554.00,6252126.00,6388680.00,6252126,136554,2069.00,4135.00,6204.00,4135,2069,0.00,0.00,0,0
1592995613,s2-eth1,6252126.00,136554.00,6388680.00,136554,6252126,4135.00,2069.00,6204.00,2069,4135,0.00,0.00,0,0
1592995613,s2-eth2,136488.00,6250846.00,6387334.00,6250846,136488,2068.00,4135.00,6203.00,4135,2068,0.00,0.00,0,0
1592995613,s3-eth1,6250846.00,136488.00,6387334.00,136488,6250846,4135.00,2068.00,6203.00,2068,4135,0.00,0.00,0,0
1592995613,s3-eth2,136488.00,6250846.00,6387334.00,6250846,136488,2068.00,4135.00,6203.00,4135,2068,0.00,0.00,0,0
1592995613,eth0,0.00,0.00,0.00,0,0,0.00,0.00,0.00,0,0,0.00,0.00,0,0
1592995613,lo,0.00,0.00,0.00,0,0,0.00,0.00,0.00,0,0,0.00,0.00,0,0
1592995613,total,19164628.00,19163348.00,38327976.00,19163348,19164628,18610.00,18610.00,37220.00,18610,18610,0.00,0.00,0,0
1592995614,s1-eth1,6250846.00,136554.00,6387400.00,136554,6250846,4135.00,2069.00,6204.00,2069,4135,0.00,0.00,0,0
1592995614,s1-eth2,136488.00,6250846.00,6387334.00,6250846,136488,2068.00,4135.00,6203.00,4135,2068,0.00,0.00,0,0
1592995614,s2-eth1,6250846.00,136488.00,6387334.00,136488,6250846,4135.00,2068.00,6203.00,2068,4135,0.00,0.00,0,0
1592995614,s2-eth2,136488.00,6252126.00,6388614.00,6252126,136488,2068.00,4135.00,6203.00,4135,2068,0.00,0.00,0,0
1592995614,s3-eth1,6252126.00,136488.00,6388614.00,136488,6252126,4135.00,2068.00,6203.00,2068,4135,0.00,0.00,0,0
1592995614,s3-eth2,136488.00,6252126.00,6388614.00,6252126,136488,2068.00,4135.00,6203.00,4135,2068,0.00,0.00,0,0
1592995614,eth0,0.00,0.00,0.00,0,0,0.00,0.00,0.00,0,0,0.00,0.00,0,0
1592995614,lo,516.00,516.00,1032.00,516,516,9.00,9.00,18.00,9,9,0.00,0.00,0,0
1592995614,total,19163798.00,19165144.00,38328944.00,19165144,19163798,18618.00,18619.00,37237.00,18619,18618,0.00,0.00,0,0
1592995615,s1-eth1,6252304.00,136488.00,6388792.00,136488,6252304,4136.00,2068.00,6204.00,2068,4136,0.00,0.00,0,0
1592995615,s1-eth2,136554.00,6252304.00,6388858.00,6252304,136554,2069.00,4136.00,6205.00,4136,2069,0.00,0.00,0,0
1592995615,s2-eth1,6252304.00,136554.00,6388858.00,136554,6252304,4136.00,2069.00,6205.00,2069,4136,0.00,0.00,0,0
1592995615,s2-eth2,136554.00,6252304.00,6388858.00,6252304,136554,2069.00,4136.00,6205.00,4136,2069,0.00,0.00,0,0
1592995615,s3-eth1,6252304.00,136554.00,6388858.00,136554,6252304,4136.00,2069.00,6205.00,2069,4136,0.00,0.00,0,0
1592995615,s3-eth2,136554.00,6251024.00,6387578.00,6251024,136554,2069.00,4136.00,6205.00,4136,2069,0.00,0.00,0,0
1592995615,eth0,0.00,0.00,0.00,0,0,0.00,0.00,0.00,0,0,0.00,0.00,0,0
1592995615,lo,0.00,0.00,0.00,0,0,0.00,0.00,0.00,0,0,0.00,0.00,0,0
1592995615,total,19166574.00,19165228.00,38331800.00,19165228,19166574,18615.00,18614.00,37229.00,18614,18615,0.00,0.00,0,0
1592995616,s1-eth1,6250358.00,136422.00,6386780.00,136422,6250358,4131.00,2067.00,6198.00,2067,4131,0.00,0.00,0,0
1592995616,s1-eth2,136356.00,6250358.00,6386714.00,6250358,136356,2066.00,4131.00,6197.00,4131,2066,0.00,0.00,0,0
1592995616,s2-eth1,6250358.00,136356.00,6386714.00,136356,6250358,4131.00,2066.00,6197.00,2066,4131,0.00,0.00,0,0
1592995616,s2-eth2,136356.00,6250358.00,6386714.00,6250358,136356,2066.00,4131.00,6197.00,4131,2066,0.00,0.00,0,0
1592995616,s3-eth1,6250358.00,136356.00,6386714.00,136356,6250358,4131.00,2066.00,6197.00,2066,4131,0.00,0.00,0,0
1592995616,s3-eth2,136422.00,6251638.00,6388060.00,6251638,136422,2067.00,4131.00,6198.00,4131,2067,0.00,0.00,0,0
1592995616,eth0,0.00,0.00,0.00,0,0,0.00,0.00,0.00,0,0,0.00,0.00,0,0
1592995616,lo,0.00,0.00,0.00,0,0,0.00,0.00,0.00,0,0,0.00,0.00,0,0
1592995616,total,19160208.00,19161488.00,38321696.00,19161488,19160208,18592.00,18592.00,37184.00,18592,18592,0.00,0.00,0,0
1592995617,s1-eth1,6252132.00,136290.00,6388422.00,136290,6252132,4130.00,2065.00,6195.00,2065,4130,0.00,0.00,0,0
1592995617,s1-eth2,136290.00,6252310.00,6388600.00,6252310,136290,2065.00,4131.00,6196.00,4131,2065,0.00,0.00,0,0
1592995617,s2-eth1,6252310.00,136290.00,6388600.00,136290,6252310,4131.00,2065.00,6196.00,2065,4131,0.00,0.00,0,0
1592995617,s2-eth2,136290.00,6252310.00,6388600.00,6252310,136290,2065.00,4131.00,6196.00,4131,2065,0.00,0.00,0,0
1592995617,s3-eth1,6252310.00,136290.00,6388600.00,136290,6252310,4131.00,2065.00,6196.00,2065,4131,0.00,0.00,0,0
1592995617,s3-eth2,136290.00,6252310.00,6388600.00,6252310,136290,2065.00,4131.00,6196.00,4131,2065,0.00,0.00,0,0
1592995617,eth0,0.00,0.00,0.00,0,0,0.00,0.00,0.00,0,0,0.00,0.00,0,0
1592995617,lo,0.00,0.00,0.00,0,0,0.00,0.00,0.00,0,0,0.00,0.00,0,0
1592995617,total,19165622.00,19165800.00,38331424.00,19165800,19165622,18587.00,18588.00,37175.00,18588,18587,0.00,0.00,0,0
1592995618,s1-eth1,6228430.00,135960.00,6364390.00,135960,6228430,4119.00,2060.00,6179.00,2060,4119,0.00,0.00,0,0
1592995618,s1-eth2,135960.00,6228252.00,6364212.00,6228252,135960,2060.00,4118.00,6178.00,4118,2060,0.00,0.00,0,0
1592995618,s2-eth1,6228252.00,135960.00,6364212.00,135960,6228252,4118.00,2060.00,6178.00,2060,4118,0.00,0.00,0,0
1592995618,s2-eth2,135960.00,6228252.00,6364212.00,6228252,135960,2060.00,4118.00,6178.00,4118,2060,0.00,0.00,0,0
1592995618,s3-eth1,6228252.00,135960.00,6364212.00,135960,6228252,4118.00,2060.00,6178.00,2060,4118,0.00,0.00,0,0
1592995618,s3-eth2,135960.00,6232794.00,6368754.00,6232794,135960,2060.00,4121.00,6181.00,4121,2060,0.00,0.00,0,0
1592995618,eth0,0.00,0.00,0.00,0,0,0.00,0.00,0.00,0,0,0.00,0.00,0,0
1592995618,lo,0.00,0.00,0.00,0,0,0.00,0.00,0.00,0,0,0.00,0.00,0,0
1592995618,total,19092814.00,19097178.00,38189992.00,19097178,19092814,18535.00,18537.00,37072.00,18537,18535,0.00,0.00,0,0
1592995619,s1-eth1,6252574.00,136422.00,6388996.00,136422,6252574,4135.00,2067.00,6202.00,2067,4135,0.00,0.00,0,0
1592995619,s1-eth2,136488.00,6252574.00,6389062.00,6252574,136488,2068.00,4135.00,6203.00,4135,2068,0.00,0.00,0,0
1592995619,s2-eth1,6252574.00,136488.00,6389062.00,136488,6252574,4135.00,2068.00,6203.00,2068,4135,0.00,0.00,0,0
1592995619,s2-eth2,136488.00,6252574.00,6389062.00,6252574,136488,2068.00,4135.00,6203.00,4135,2068,0.00,0.00,0,0
1592995619,s3-eth1,6252574.00,136488.00,6389062.00,136488,6252574,4135.00,2068.00,6203.00,2068,4135,0.00,0.00,0,0
1592995619,s3-eth2,136422.00,6252574.00,6388996.00,6252574,136422,2067.00,4135.00,6202.00,4135,2067,0.00,0.00,0,0
1592995619,eth0,0.00,0.00,0.00,0,0,0.00,0.00,0.00,0,0,0.00,0.00,0,0
1592995619,lo,516.00,516.00,1032.00,516,516,9.00,9.00,18.00,9,9,0.00,0.00,0,0
1592995619,total,19167636.00,19167636.00,38335272.00,19167636,19167636,18617.00,18617.00,37234.00,18617,18617,0.00,0.00,0,0
1592995620,s1-eth1,6250714.00,136488.00,6387202.00,136488,6250714,4133.00,2068.00,6201.00,2068,4133,0.00,0.00,0,0
1592995620,s1-eth2,136422.00,6250714.00,6387136.00,6250714,136422,2067.00,4133.00,6200.00,4133,2067,0.00,0.00,0,0
1592995620,s2-eth1,6250714.00,136422.00,6387136.00,136422,6250714,4133.00,2067.00,6200.00,2067,4133,0.00,0.00,0,0
1592995620,s2-eth2,136422.00,6250714.00,6387136.00,6250714,136422,2067.00,4133.00,6200.00,4133,2067,0.00,0.00,0,0
1592995620,s3-eth1,6250714.00,136422.00,6387136.00,136422,6250714,4133.00,2067.00,6200.00,2067,4133,0.00,0.00,0,0
1592995620,s3-eth2,136488.00,6250714.00,6387202.00,6250714,136488,2068.00,4133.00,6201.00,4133,2068,0.00,0.00,0,0
1592995620,eth0,0.00,0.00,0.00,0,0,0.00,0.00,0.00,0,0,0.00,0.00,0,0
1592995620,lo,0.00,0.00,0.00,0,0,0.00,0.00,0.00,0,0,0.00,0.00,0,0
1592995620,total,19161474.00,19161474.00,38322948.00,19161474,19161474,18601.00,18601.00,37202.00,18601,18601,0.00,0.00,0,0
1592995621,s1-eth1,6252050.00,136422.00,6388472.00,136422,6252050,4133.00,2067.00,6200.00,2067,4133,0.00,0.00,0,0
1592995621,s1-eth2,136422.00,6252050.00,6388472.00,6252050,136422,2067.00,4133.00,6200.00,4133,2067,0.00,0.00,0,0
1592995621,s2-eth1,6252050.00,136422.00,6388472.00,136422,6252050,4133.00,2067.00,6200.00,2067,4133,0.00,0.00,0,0
1592995621,s2-eth2,136488.00,6252284.00,6388772.00,6252284,136488,2068.00,4134.00,6202.00,4134,2068,0.00,0.00,0,0
1592995621,s3-eth1,6252284.00,136488.00,6388772.00,136488,6252284,4134.00,2068.00,6202.00,2068,4134,0.00,0.00,0,0
1592995621,s3-eth2,136422.00,6252284.00,6388706.00,6252284,136422,2067.00,4134.00,6201.00,4134,2067,0.00,0.00,0,0
1592995621,eth0,0.00,0.00,0.00,0,0,0.00,0.00,0.00,0,0,0.00,0.00,0,0
1592995621,lo,0.00,0.00,0.00,0,0,0.00,0.00,0.00,0,0,0.00,0.00,0,0
1592995621,total,19165716.00,19165950.00,38331664.00,19165950,19165716,18602.00,18603.00,37205.00,18603,18602,0.00,0.00,0,0
1592995622,s1-eth1,6247686.00,136356.00,6384042.00,136356,6247686,4131.00,2066.00,6197.00,2066,4131,0.00,0.00,0,0
1592995622,s1-eth2,136422.00,6247864.00,6384286.00,6247864,136422,2067.00,4132.00,6199.00,4132,2067,0.00,0.00,0,0
1592995622,s2-eth1,6247864.00,136422.00,6384286.00,136422,6247864,4132.00,2067.00,6199.00,2067,4132,0.00,0.00,0,0
1592995622,s2-eth2,136356.00,6247630.00,6383986.00,6247630,136356,2066.00,4131.00,6197.00,4131,2066,0.00,0.00,0,0
1592995622,s3-eth1,6247630.00,136356.00,6383986.00,136356,6247630,4131.00,2066.00,6197.00,2066,4131,0.00,0.00,0,0
1592995622,s3-eth2,136356.00,6247630.00,6383986.00,6247630,136356,2066.00,4131.00,6197.00,4131,2066,0.00,0.00,0,0
1592995622,eth0,0.00,0.00,0.00,0,0,0.00,0.00,0.00,0,0,0.00,0.00,0,0
1592995622,lo,0.00,0.00,0.00,0,0,0.00,0.00,0.00,0,0,0.00,0.00,0,0
1592995622,total,19152314.00,19152258.00,38304572.00,19152258,19152314,18593.00,18593.00,37186.00,18593,18593,0.00,0.00,0,0
1592995623,s1-eth1,6251416.00,136530.00,6387946.00,136530,6251416,4136.00,2069.00,6205.00,2069,4136,0.00,0.00,0,0
1592995623,s1-eth2,136530.00,6251238.00,6387768.00,6251238,136530,2069.00,4135.00,6204.00,4135,2069,0.00,0.00,0,0
1592995623,s2-eth1,6251238.00,136530.00,6387768.00,136530,6251238,4135.00,2069.00,6204.00,2069,4135,0.00,0.00,0,0
1592995623,s2-eth2,136530.00,6251238.00,6387768.00,6251238,136530,2069.00,4135.00,6204.00,4135,2069,0.00,0.00,0,0
1592995623,s3-eth1,6251238.00,136530.00,6387768.00,136530,6251238,4135.00,2069.00,6204.00,2069,4135,0.00,0.00,0,0
1592995623,s3-eth2,136530.00,6251238.00,6387768.00,6251238,136530,2069.00,4135.00,6204.00,4135,2069,0.00,0.00,0,0
1592995623,eth0,0.00,0.00,0.00,0,0,0.00,0.00,0.00,0,0,0.00,0.00,0,0
1592995623,lo,888.00,888.00,1776.00,888,888,9.00,9.00,18.00,9,9,0.00,0.00,0,0
1592995623,total,19164370.00,19164192.00,38328560.00,19164192,19164370,18622.00,18621.00,37243.00,18621,18622,0.00,0.00,0,0
1592995624,s1-eth1,6252584.00,136488.00,6389072.00,136488,6252584,4136.00,2068.00,6204.00,2068,4136,0.00,0.00,0,0
1592995624,s1-eth2,136422.00,6252584.00,6389006.00,6252584,136422,2067.00,4136.00,6203.00,4136,2067,0.00,0.00,0,0
1592995624,s2-eth1,6252584.00,136422.00,6389006.00,136422,6252584,4136.00,2067.00,6203.00,2067,4136,0.00,0.00,0,0
1592995624,s2-eth2,136488.00,6252584.00,6389072.00,6252584,136488,2068.00,4136.00,6204.00,4136,2068,0.00,0.00,0,0
1592995624,s3-eth1,6252584.00,136488.00,6389072.00,136488,6252584,4136.00,2068.00,6204.00,2068,4136,0.00,0.00,0,0
1592995624,s3-eth2,136488.00,6252584.00,6389072.00,6252584,136488,2068.00,4136.00,6204.00,4136,2068,0.00,0.00,0,0
1592995624,eth0,0.00,0.00,0.00,0,0,0.00,0.00,0.00,0,0,0.00,0.00,0,0
1592995624,lo,0.00,0.00,0.00,0,0,0.00,0.00,0.00,0,0,0.00,0.00,0,0
1592995624,total,19167150.00,19167150.00,38334300.00,19167150,19167150,18611.00,18611.00,37222.00,18611,18611,0.00,0.00,0,0
1592995625,s1-eth1,6241528.00,136290.00,6377818.00,136290,6241528,4128.00,2065.00,6193.00,2065,4128,0.00,0.00,0,0
1592995625,s1-eth2,136290.00,6241528.00,6377818.00,6241528,136290,2065.00,4128.00,6193.00,4128,2065,0.00,0.00,0,0
1592995625,s2-eth1,6241528.00,136290.00,6377818.00,136290,6241528,4128.00,2065.00,6193.00,2065,4128,0.00,0.00,0,0
1592995625,s2-eth2,136290.00,6241528.00,6377818.00,6241528,136290,2065.00,4128.00,6193.00,4128,2065,0.00,0.00,0,0
1592995625,s3-eth1,6241528.00,136290.00,6377818.00,136290,6241528,4128.00,2065.00,6193.00,2065,4128,0.00,0.00,0,0
1592995625,s3-eth2,136290.00,6241762.00,6378052.00,6241762,136290,2065.00,4129.00,6194.00,4129,2065,0.00,0.00,0,0
1592995625,eth0,0.00,0.00,0.00,0,0,0.00,0.00,0.00,0,0,0.00,0.00,0,0
1592995625,lo,0.00,0.00,0.00,0,0,0.00,0.00,0.00,0,0,0.00,0.00,0,0
1592995625,total,19133454.00,19133688.00,38267144.00,19133688,19133454,18579.00,18580.00,37159.00,18580,18579,0.00,0.00,0,0
1592995626,s1-eth1,6250846.00,136488.00,6387334.00,136488,6250846,4135.00,2068.00,6203.00,2068,4135,0.00,0.00,0,0
1592995626,s1-eth2,136488.00,6250846.00,6387334.00,6250846,136488,2068.00,4135.00,6203.00,4135,2068,0.00,0.00,0,0
1592995626,s2-eth1,6250846.00,136488.00,6387334.00,136488,6250846,4135.00,2068.00,6203.00,2068,4135,0.00,0.00,0,0
1592995626,s2-eth2,136488.00,6250846.00,6387334.00,6250846,136488,2068.00,4135.00,6203.00,4135,2068,0.00,0.00,0,0
1592995626,s3-eth1,6250846.00,136488.00,6387334.00,136488,6250846,4135.00,2068.00,6203.00,2068,4135,0.00,0.00,0,0
1592995626,s3-eth2,136488.00,6250612.00,6387100.00,6250612,136488,2068.00,4134.00,6202.00,4134,2068,0.00,0.00,0,0
1592995626,eth0,0.00,0.00,0.00,0,0,0.00,0.00,0.00,0,0,0.00,0.00,0,0
1592995626,lo,0.00,0.00,0.00,0,0,0.00,0.00,0.00,0,0,0.00,0.00,0,0
1592995626,total,19162002.00,19161768.00,38323768.00,19161768,19162002,18609.00,18608.00,37217.00,18608,18609,0.00,0.00,0,0
1592995627,s1-eth1,6233262.00,136092.00,6369354.00,136092,6233262,4123.00,2062.00,6185.00,2062,4123,0.00,0.00,0,0
1592995627,s1-eth2,136092.00,6233262.00,6369354.00,6233262,136092,2062.00,4123.00,6185.00,4123,2062,0.00,0.00,0,0
1592995627,s2-eth1,6233262.00,136092.00,6369354.00,136092,6233262,4123.00,2062.00,6185.00,2062,4123,0.00,0.00,0,0
1592995627,s2-eth2,136026.00,6233262.00,6369288.00,6233262,136026,2061.00,4123.00,6184.00,4123,2061,0.00,0.00,0,0
1592995627,s3-eth1,6233262.00,136026.00,6369288.00,136026,6233262,4123.00,2061.00,6184.00,2061,4123,0.00,0.00,0,0
1592995627,s3-eth2,136092.00,6233262.00,6369354.00,6233262,136092,2062.00,4123.00,6185.00,4123,2062,0.00,0.00,0,0
1592995627,eth0,0.00,0.00,0.00,0,0,0.00,0.00,0.00,0,0,0.00,0.00,0,0
1592995627,lo,0.00,0.00,0.00,0,0,0.00,0.00,0.00,0,0,0.00,0.00,0,0
1592995627,total,19107996.00,19107996.00,38215992.00,19107996,19107996,18554.00,18554.00,37108.00,18554,18554,0.00,0.00,0,0
1592995628,s1-eth1,6243322.00,136290.00,6379612.00,136290,6243322,4129.00,2065.00,6194.00,2065,4129,0.00,0.00,0,0
1592995628,s1-eth2,136290.00,6243322.00,6379612.00,6243322,136290,2065.00,4129.00,6194.00,4129,2065,0.00,0.00,0,0
1592995628,s2-eth1,6243322.00,136290.00,6379612.00,136290,6243322,4129.00,2065.00,6194.00,2065,4129,0.00,0.00,0,0
1592995628,s2-eth2,136290.00,6243322.00,6379612.00,6243322,136290,2065.00,4129.00,6194.00,4129,2065,0.00,0.00,0,0
1592995628,s3-eth1,6243322.00,136290.00,6379612.00,136290,6243322,4129.00,2065.00,6194.00,2065,4129,0.00,0.00,0,0
1592995628,s3-eth2,136224.00,6243322.00,6379546.00,6243322,136224,2064.00,4129.00,6193.00,4129,2064,0.00,0.00,0,0
1592995628,eth0,0.00,0.00,0.00,0,0,0.00,0.00,0.00,0,0,0.00,0.00,0,0
1592995628,lo,516.00,516.00,1032.00,516,516,9.00,9.00,18.00,9,9,0.00,0.00,0,0
1592995628,total,19139286.00,19139352.00,38278640.00,19139352,19139286,18590.00,18591.00,37181.00,18591,18590,0.00,0.00,0,0
1592995629,s1-eth1,6251430.00,136422.00,6387852.00,136422,6251430,4135.00,2067.00,6202.00,2067,4135,0.00,0.00,0,0
1592995629,s1-eth2,136488.00,6251430.00,6387918.00,6251430,136488,2068.00,4135.00,6203.00,4135,2068,0.00,0.00,0,0
1592995629,s2-eth1,6251430.00,136488.00,6387918.00,136488,6251430,4135.00,2068.00,6203.00,2068,4135,0.00,0.00,0,0
1592995629,s2-eth2,136488.00,6251430.00,6387918.00,6251430,136488,2068.00,4135.00,6203.00,4135,2068,0.00,0.00,0,0
1592995629,s3-eth1,6251430.00,136488.00,6387918.00,136488,6251430,4135.00,2068.00,6203.00,2068,4135,0.00,0.00,0,0
1592995629,s3-eth2,136488.00,6251664.00,6388152.00,6251664,136488,2068.00,4136.00,6204.00,4136,2068,0.00,0.00,0,0
1592995629,eth0,0.00,0.00,0.00,0,0,0.00,0.00,0.00,0,0,0.00,0.00,0,0
1592995629,lo,0.00,0.00,0.00,0,0,0.00,0.00,0.00,0,0,0.00,0.00,0,0
1592995629,total,19163754.00,19163922.00,38327676.00,19163922,19163754,18609.00,18609.00,37218.00,18609,18609,0.00,0.00,0,0
1592995630,s1-eth1,6251664.00,136488.00,6388152.00,136488,6251664,4136.00,2068.00,6204.00,2068,4136,0.00,0.00,0,0
1592995630,s1-eth2,136488.00,6251664.00,6388152.00,6251664,136488,2068.00,4136.00,6204.00,4136,2068,0.00,0.00,0,0
1592995630,s2-eth1,6251664.00,136488.00,6388152.00,136488,6251664,4136.00,2068.00,6204.00,2068,4136,0.00,0.00,0,0
1592995630,s2-eth2,136488.00,6251664.00,6388152.00,6251664,136488,2068.00,4136.00,6204.00,4136,2068,0.00,0.00,0,0
1592995630,s3-eth1,6251664.00,136488.00,6388152.00,136488,6251664,4136.00,2068.00,6204.00,2068,4136,0.00,0.00,0,0
1592995630,s3-eth2,136488.00,6251430.00,6387918.00,6251430,136488,2068.00,4135.00,6203.00,4135,2068,0.00,0.00,0,0
1592995630,eth0,0.00,0.00,0.00,0,0,0.00,0.00,0.00,0,0,0.00,0.00,0,0
1592995630,lo,0.00,0.00,0.00,0,0,0.00,0.00,0.00,0,0,0.00,0.00,0,0
1592995630,total,19164456.00,19164222.00,38328680.00,19164222,19164456,18612.00,18611.00,37223.00,18611,18612,0.00,0.00,0,0
1592995631,s1-eth1,6250734.00,136620.00,6387354.00,136620,6250734,4135.00,2070.00,6205.00,2070,4135,0.00,0.00,0,0
1592995631,s1-eth2,136554.00,6250734.00,6387288.00,6250734,136554,2069.00,4135.00,6204.00,4135,2069,0.00,0.00,0,0
1592995631,s2-eth1,6250734.00,136554.00,6387288.00,136554,6250734,4135.00,2069.00,6204.00,2069,4135,0.00,0.00,0,0
1592995631,s2-eth2,136554.00,6250734.00,6387288.00,6250734,136554,2069.00,4135.00,6204.00,4135,2069,0.00,0.00,0,0
1592995631,s3-eth1,6250734.00,136554.00,6387288.00,136554,6250734,4135.00,2069.00,6204.00,2069,4135,0.00,0.00,0,0
1592995631,s3-eth2,136620.00,6250968.00,6387588.00,6250968,136620,2070.00,4136.00,6206.00,4136,2070,0.00,0.00,0,0
1592995631,eth0,0.00,0.00,0.00,0,0,0.00,0.00,0.00,0,0,0.00,0.00,0,0
1592995631,lo,0.00,0.00,0.00,0,0,0.00,0.00,0.00,0,0,0.00,0.00,0,0
1592995631,total,19161930.00,19162164.00,38324096.00,19162164,19161930,18613.00,18614.00,37227.00,18614,18613,0.00,0.00,0,0
1592995632,s1-eth1,6248636.00,136356.00,6384992.00,136356,6248636,4134.00,2066.00,6200.00,2066,4134,0.00,0.00,0,0
1592995632,s1-eth2,136422.00,6248636.00,6385058.00,6248636,136422,2067.00,4134.00,6201.00,4134,2067,0.00,0.00,0,0
1592995632,s2-eth1,6248636.00,136422.00,6385058.00,136422,6248636,4134.00,2067.00,6201.00,2067,4134,0.00,0.00,0,0
1592995632,s2-eth2,136422.00,6248636.00,6385058.00,6248636,136422,2067.00,4134.00,6201.00,4134,2067,0.00,0.00,0,0
1592995632,s3-eth1,6248636.00,136422.00,6385058.00,136422,6248636,4134.00,2067.00,6201.00,2067,4134,0.00,0.00,0,0
1592995632,s3-eth2,136356.00,6248402.00,6384758.00,6248402,136356,2066.00,4133.00,6199.00,4133,2066,0.00,0.00,0,0
1592995632,eth0,0.00,0.00,0.00,0,0,0.00,0.00,0.00,0,0,0.00,0.00,0,0
1592995632,lo,0.00,0.00,0.00,0,0,0.00,0.00,0.00,0,0,0.00,0.00,0,0
1592995632,total,19155108.00,19154874.00,38309984.00,19154874,19155108,18602.00,18601.00,37203.00,18601,18602,0.00,0.00,0,0
1592995633,s1-eth1,6251664.00,136488.00,6388152.00,136488,6251664,4136.00,2068.00,6204.00,2068,4136,0.00,0.00,0,0
1592995633,s1-eth2,136422.00,6251664.00,6388086.00,6251664,136422,2067.00,4136.00,6203.00,4136,2067,0.00,0.00,0,0
1592995633,s2-eth1,6251664.00,136422.00,6388086.00,136422,6251664,4136.00,2067.00,6203.00,2067,4136,0.00,0.00,0,0
1592995633,s2-eth2,136488.00,6251664.00,6388152.00,6251664,136488,2068.00,4136.00,6204.00,4136,2068,0.00,0.00,0,0
1592995633,s3-eth1,6251664.00,136488.00,6388152.00,136488,6251664,4136.00,2068.00,6204.00,2068,4136,0.00,0.00,0,0
1592995633,s3-eth2,136488.00,6251664.00,6388152.00,6251664,136488,2068.00,4136.00,6204.00,4136,2068,0.00,0.00,0,0
1592995633,eth0,0.00,0.00,0.00,0,0,0.00,0.00,0.00,0,0,0.00,0.00,0,0
1592995633,lo,516.00,516.00,1032.00,516,516,9.00,9.00,18.00,9,9,0.00,0.00,0,0
1592995633,total,19164906.00,19164906.00,38329812.00,19164906,19164906,18620.00,18620.00,37240.00,18620,18620,0.00,0.00,0,0
1592995634,s1-eth1,6250470.00,136488.00,6386958.00,136488,6250470,4131.00,2068.00,6199.00,2068,4131,0.00,0.00,0,0
1592995634,s1-eth2,136488.00,6250470.00,6386958.00,6250470,136488,2068.00,4131.00,6199.00,4131,2068,0.00,0.00,0,0
1592995634,s2-eth1,6250470.00,136488.00,6386958.00,136488,6250470,4131.00,2068.00,6199.00,2068,4131,0.00,0.00,0,0
1592995634,s2-eth2,136422.00,6250470.00,6386892.00,6250470,136422,2067.00,4131.00,6198.00,4131,2067,0.00,0.00,0,0
1592995634,s3-eth1,6250470.00,136422.00,6386892.00,136422,6250470,4131.00,2067.00,6198.00,2067,4131,0.00,0.00,0,0
1592995634,s3-eth2,136488.00,6250470.00,6386958.00,6250470,136488,2068.00,4131.00,6199.00,4131,2068,0.00,0.00,0,0
1592995634,eth0,0.00,0.00,0.00,0,0,0.00,0.00,0.00,0,0,0.00,0.00,0,0
1592995634,lo,0.00,0.00,0.00,0,0,0.00,0.00,0.00,0,0,0.00,0.00,0,0
1592995634,total,19160808.00,19160808.00,38321616.00,19160808,19160808,18596.00,18596.00,37192.00,18596,18596,0.00,0.00,0,0
1592995635,s1-eth1,6252820.00,136224.00,6389044.00,136224,6252820,4130.00,2064.00,6194.00,2064,4130,0.00,0.00,0,0
1592995635,s1-eth2,136290.00,6252820.00,6389110.00,6252820,136290,2065.00,4130.00,6195.00,4130,2065,0.00,0.00,0,0
1592995635,s2-eth1,6252820.00,136290.00,6389110.00,136290,6252820,4130.00,2065.00,6195.00,2065,4130,0.00,0.00,0,0
1592995635,s2-eth2,136290.00,6252820.00,6389110.00,6252820,136290,2065.00,4130.00,6195.00,4130,2065,0.00,0.00,0,0
1592995635,s3-eth1,6252820.00,136290.00,6389110.00,136290,6252820,4130.00,2065.00,6195.00,2065,4130,0.00,0.00,0,0
1592995635,s3-eth2,136224.00,6252820.00,6389044.00,6252820,136224,2064.00,4130.00,6194.00,4130,2064,0.00,0.00,0,0
1592995635,eth0,0.00,0.00,0.00,0,0,0.00,0.00,0.00,0,0,0.00,0.00,0,0
1592995635,lo,0.00,0.00,0.00,0,0,0.00,0.00,0.00,0,0,0.00,0.00,0,0
1592995635,total,19167264.00,19167264.00,38334528.00,19167264,19167264,18584.00,18584.00,37168.00,18584,18584,0.00,0.00,0,0
1592995636,s1-eth1,6227324.00,135828.00,6363152.00,135828,6227324,4114.00,2058.00,6172.00,2058,4114,0.00,0.00,0,0
1592995636,s1-eth2,135828.00,6227324.00,6363152.00,6227324,135828,2058.00,4114.00,6172.00,4114,2058,0.00,0.00,0,0
1592995636,s2-eth1,6227324.00,135828.00,6363152.00,135828,6227324,4114.00,2058.00,6172.00,2058,4114,0.00,0.00,0,0
1592995636,s2-eth2,135828.00,6231866.00,6367694.00,6231866,135828,2058.00,4117.00,6175.00,4117,2058,0.00,0.00,0,0
1592995636,s3-eth1,6231866.00,135828.00,6367694.00,135828,6231866,4117.00,2058.00,6175.00,2058,4117,0.00,0.00,0,0
1592995636,s3-eth2,135828.00,6231866.00,6367694.00,6231866,135828,2058.00,4117.00,6175.00,4117,2058,0.00,0.00,0,0
1592995636,eth0,0.00,0.00,0.00,0,0,0.00,0.00,0.00,0,0,0.00,0.00,0,0
1592995636,lo,0.00,0.00,0.00,0,0,0.00,0.00,0.00,0,0,0.00,0.00,0,0
1592995636,total,19093998.00,19098540.00,38192536.00,19098540,19093998,18519.00,18522.00,37041.00,18522,18519,0.00,0.00,0,0
1592995637,s1-eth1,6243898.00,136158.00,6380056.00,136158,6243898,4125.00,2063.00,6188.00,2063,4125,0.00,0.00,0,0
1592995637,s1-eth2,136026.00,6243898.00,6379924.00,6243898,136026,2061.00,4125.00,6186.00,4125,2061,0.00,0.00,0,0
1592995637,s2-eth1,6243898.00,136026.00,6379924.00,136026,6243898,4125.00,2061.00,6186.00,2061,4125,0.00,0.00,0,0
1592995637,s2-eth2,136092.00,6243898.00,6379990.00,6243898,136092,2062.00,4125.00,6187.00,4125,2062,0.00,0.00,0,0
1592995637,s3-eth1,6243898.00,136092.00,6379990.00,136092,6243898,4125.00,2062.00,6187.00,2062,4125,0.00,0.00,0,0
1592995637,s3-eth2,136092.00,6243898.00,6379990.00,6243898,136092,2062.00,4125.00,6187.00,4125,2062,0.00,0.00,0,0
1592995637,eth0,0.00,0.00,0.00,0,0,0.00,0.00,0.00,0,0,0.00,0.00,0,0
1592995637,lo,0.00,0.00,0.00,0,0,0.00,0.00,0.00,0,0,0.00,0.00,0,0
1592995637,total,19139904.00,19139970.00,38279872.00,19139970,19139904,18560.00,18561.00,37121.00,18561,18560,0.00,0.00,0,0
1592995638,s1-eth1,6251552.00,136554.00,6388106.00,136554,6251552,4136.00,2069.00,6205.00,2069,4136,0.00,0.00,0,0
1592995638,s1-eth2,136620.00,6251552.00,6388172.00,6251552,136620,2070.00,4136.00,6206.00,4136,2070,0.00,0.00,0,0
1592995638,s2-eth1,6251552.00,136620.00,6388172.00,136620,6251552,4136.00,2070.00,6206.00,2070,4136,0.00,0.00,0,0
1592995638,s2-eth2,136554.00,6251552.00,6388106.00,6251552,136554,2069.00,4136.00,6205.00,4136,2069,0.00,0.00,0,0
1592995638,s3-eth1,6251552.00,136554.00,6388106.00,136554,6251552,4136.00,2069.00,6205.00,2069,4136,0.00,0.00,0,0
1592995638,s3-eth2,136620.00,6251552.00,6388172.00,6251552,136620,2070.00,4136.00,6206.00,4136,2070,0.00,0.00,0,0
1592995638,eth0,0.00,0.00,0.00,0,0,0.00,0.00,0.00,0,0,0.00,0.00,0,0
1592995638,lo,516.00,516.00,1032.00,516,516,9.00,9.00,18.00,9,9,0.00,0.00,0,0
1592995638,total,19164966.00,19164900.00,38329864.00,19164900,19164966,18626.00,18625.00,37251.00,18625,18626,0.00,0.00,0,0
1592995639,s1-eth1,6251430.00,136422.00,6387852.00,136422,6251430,4135.00,2067.00,6202.00,2067,4135,0.00,0.00,0,0
1592995639,s1-eth2,136488.00,6251664.00,6388152.00,6251664,136488,2068.00,4136.00,6204.00,4136,2068,0.00,0.00,0,0
1592995639,s2-eth1,6251664.00,136488.00,6388152.00,136488,6251664,4136.00,2068.00,6204.00,2068,4136,0.00,0.00,0,0
1592995639,s2-eth2,136488.00,6251664.00,6388152.00,6251664,136488,2068.00,4136.00,6204.00,4136,2068,0.00,0.00,0,0
1592995639,s3-eth1,6251664.00,136488.00,6388152.00,136488,6251664,4136.00,2068.00,6204.00,2068,4136,0.00,0.00,0,0
1592995639,s3-eth2,136422.00,6251664.00,6388086.00,6251664,136422,2067.00,4136.00,6203.00,4136,2067,0.00,0.00,0,0
1592995639,eth0,0.00,0.00,0.00,0,0,0.00,0.00,0.00,0,0,0.00,0.00,0,0
1592995639,lo,0.00,0.00,0.00,0,0,0.00,0.00,0.00,0,0,0.00,0.00,0,0
1592995639,total,19164156.00,19164390.00,38328544.00,19164390,19164156,18610.00,18611.00,37221.00,18611,18610,0.00,0.00,0,0
1592995640,s1-eth1,6251540.00,136290.00,6387830.00,136290,6251540,4130.00,2065.00,6195.00,2065,4130,0.00,0.00,0,0
1592995640,s1-eth2,136290.00,6251306.00,6387596.00,6251306,136290,2065.00,4129.00,6194.00,4129,2065,0.00,0.00,0,0
1592995640,s2-eth1,6251306.00,136290.00,6387596.00,136290,6251306,4129.00,2065.00,6194.00,2065,4129,0.00,0.00,0,0
1592995640,s2-eth2,136290.00,6251306.00,6387596.00,6251306,136290,2065.00,4129.00,6194.00,4129,2065,0.00,0.00,0,0
1592995640,s3-eth1,6251306.00,136290.00,6387596.00,136290,6251306,4129.00,2065.00,6194.00,2065,4129,0.00,0.00,0,0
1592995640,s3-eth2,136290.00,6251306.00,6387596.00,6251306,136290,2065.00,4129.00,6194.00,4129,2065,0.00,0.00,0,0
1592995640,eth0,0.00,0.00,0.00,0,0,0.00,0.00,0.00,0,0,0.00,0.00,0,0
1592995640,lo,0.00,0.00,0.00,0,0,0.00,0.00,0.00,0,0,0.00,0.00,0,0
1592995640,total,19163022.00,19162788.00,38325808.00,19162788,19163022,18583.00,18582.00,37165.00,18582,18583,0.00,0.00,0,0
1592995641,s1-eth1,6252088.00,136620.00,6388708.00,136620,6252088,4136.00,2070.00,6206.00,2070,4136,0.00,0.00,0,0
1592995641,s1-eth2,136554.00,6252088.00,6388642.00,6252088,136554,2069.00,4136.00,6205.00,4136,2069,0.00,0.00,0,0
1592995641,s2-eth1,6252088.00,136554.00,6388642.00,136554,6252088,4136.00,2069.00,6205.00,2069,4136,0.00,0.00,0,0
1592995641,s2-eth2,136620.00,6252088.00,6388708.00,6252088,136620,2070.00,4136.00,6206.00,4136,2070,0.00,0.00,0,0
1592995641,s3-eth1,6252088.00,136620.00,6388708.00,136620,6252088,4136.00,2070.00,6206.00,2070,4136,0.00,0.00,0,0
1592995641,s3-eth2,136620.00,6252088.00,6388708.00,6252088,136620,2070.00,4136.00,6206.00,4136,2070,0.00,0.00,0,0
1592995641,eth0,0.00,0.00,0.00,0,0,0.00,0.00,0.00,0,0,0.00,0.00,0,0
1592995641,lo,0.00,0.00,0.00,0,0,0.00,0.00,0.00,0,0,0.00,0.00,0,0
1592995641,total,19166058.00,19166058.00,38332116.00,19166058,19166058,18617.00,18617.00,37234.00,18617,18617,0.00,0.00,0,0
1592995642,s1-eth1,6236290.00,136158.00,6372448.00,136158,6236290,4125.00,2063.00,6188.00,2063,4125,0.00,0.00,0,0
1592995642,s1-eth2,136158.00,6236290.00,6372448.00,6236290,136158,2063.00,4125.00,6188.00,4125,2063,0.00,0.00,0,0
1592995642,s2-eth1,6236290.00,136158.00,6372448.00,136158,6236290,4125.00,2063.00,6188.00,2063,4125,0.00,0.00,0,0
1592995642,s2-eth2,136092.00,6236524.00,6372616.00,6236524,136092,2062.00,4126.00,6188.00,4126,2062,0.00,0.00,0,0
1592995642,s3-eth1,6236524.00,136092.00,6372616.00,136092,6236524,4126.00,2062.00,6188.00,2062,4126,0.00,0.00,0,0
1592995642,s3-eth2,136158.00,6236524.00,6372682.00,6236524,136158,2063.00,4126.00,6189.00,4126,2063,0.00,0.00,0,0
1592995642,eth0,0.00,0.00,0.00,0,0,0.00,0.00,0.00,0,0,0.00,0.00,0,0
1592995642,lo,0.00,0.00,0.00,0,0,0.00,0.00,0.00,0,0,0.00,0.00,0,0
1592995642,total,19117512.00,19117746.00,38235256.00,19117746,19117512,18564.00,18565.00,37129.00,18565,18564,0.00,0.00,0,0
1592995643,s1-eth1,6242580.00,136224.00,6378804.00,136224,6242580,4130.00,2064.00,6194.00,2064,4130,0.00,0.00,0,0
1592995643,s1-eth2,136290.00,6241066.00,6377356.00,6241066,136290,2065.00,4129.00,6194.00,4129,2065,0.00,0.00,0,0
1592995643,s2-eth1,6241066.00,136290.00,6377356.00,136290,6241066,4129.00,2065.00,6194.00,2065,4129,0.00,0.00,0,0
1592995643,s2-eth2,136290.00,6240832.00,6377122.00,6240832,136290,2065.00,4128.00,6193.00,4128,2065,0.00,0.00,0,0
1592995643,s3-eth1,6240832.00,136290.00,6377122.00,136290,6240832,4128.00,2065.00,6193.00,2065,4128,0.00,0.00,0,0
1592995643,s3-eth2,136224.00,6240832.00,6377056.00,6240832,136224,2064.00,4128.00,6192.00,4128,2064,0.00,0.00,0,0
1592995643,eth0,0.00,0.00,0.00,0,0,0.00,0.00,0.00,0,0,0.00,0.00,0,0
1592995643,lo,516.00,516.00,1032.00,516,516,9.00,9.00,18.00,9,9,0.00,0.00,0,0
1592995643,total,19133798.00,19132050.00,38265848.00,19132050,19133798,18590.00,18588.00,37178.00,18588,18590,0.00,0.00,0,0
1592995644,s1-eth1,6250790.00,136554.00,6387344.00,136554,6250790,4135.00,2069.00,6204.00,2069,4135,0.00,0.00,0,0
1592995644,s1-eth2,136488.00,6252304.00,6388792.00,6252304,136488,2068.00,4136.00,6204.00,4136,2068,0.00,0.00,0,0
1592995644,s2-eth1,6252304.00,136488.00,6388792.00,136488,6252304,4136.00,2068.00,6204.00,2068,4136,0.00,0.00,0,0
1592995644,s2-eth2,136554.00,6252304.00,6388858.00,6252304,136554,2069.00,4136.00,6205.00,4136,2069,0.00,0.00,0,0
1592995644,s3-eth1,6252304.00,136554.00,6388858.00,136554,6252304,4136.00,2069.00,6205.00,2069,4136,0.00,0.00,0,0
1592995644,s3-eth2,136554.00,6252304.00,6388858.00,6252304,136554,2069.00,4136.00,6205.00,4136,2069,0.00,0.00,0,0
1592995644,eth0,0.00,0.00,0.00,0,0,0.00,0.00,0.00,0,0,0.00,0.00,0,0
1592995644,lo,0.00,0.00,0.00,0,0,0.00,0.00,0.00,0,0,0.00,0.00,0,0
1592995644,total,19164994.00,19166508.00,38331504.00,19166508,19164994,18613.00,18614.00,37227.00,18614,18613,0.00,0.00,0,0
1592995645,s1-eth1,6251430.00,136488.00,6387918.00,136488,6251430,4135.00,2068.00,6203.00,2068,4135,0.00,0.00,0,0
1592995645,s1-eth2,136488.00,6251430.00,6387918.00,6251430,136488,2068.00,4135.00,6203.00,4135,2068,0.00,0.00,0,0
1592995645,s2-eth1,6251430.00,136488.00,6387918.00,136488,6251430,4135.00,2068.00,6203.00,2068,4135,0.00,0.00,0,0
1592995645,s2-eth2,136422.00,6251430.00,6387852.00,6251430,136422,2067.00,4135.00,6202.00,4135,2067,0.00,0.00,0,0
1592995645,s3-eth1,6251430.00,136422.00,6387852.00,136422,6251430,4135.00,2067.00,6202.00,2067,4135,0.00,0.00,0,0
1592995645,s3-eth2,136488.00,6251430.00,6387918.00,6251430,136488,2068.00,4135.00,6203.00,4135,2068,0.00,0.00,0,0
1592995645,eth0,0.00,0.00,0.00,0,0,0.00,0.00,0.00,0,0,0.00,0.00,0,0
1592995645,lo,0.00,0.00,0.00,0,0,0.00,0.00,0.00,0,0,0.00,0.00,0,0
1592995645,total,19163688.00,19163688.00,38327376.00,19163688,19163688,18608.00,18608.00,37216.00,18608,18608,0.00,0.00,0,0
1592995646,s1-eth1,6251306.00,136224.00,6387530.00,136224,6251306,4129.00,2064.00,6193.00,2064,4129,0.00,0.00,0,0
1592995646,s1-eth2,136290.00,6251306.00,6387596.00,6251306,136290,2065.00,4129.00,6194.00,4129,2065,0.00,0.00,0,0
1592995646,s2-eth1,6251306.00,136290.00,6387596.00,136290,6251306,4129.00,2065.00,6194.00,2065,4129,0.00,0.00,0,0
1592995646,s2-eth2,136290.00,6251306.00,6387596.00,6251306,136290,2065.00,4129.00,6194.00,4129,2065,0.00,0.00,0,0
1592995646,s3-eth1,6251306.00,136290.00,6387596.00,136290,6251306,4129.00,2065.00,6194.00,2065,4129,0.00,0.00,0,0
1592995646,s3-eth2,136224.00,6251306.00,6387530.00,6251306,136224,2064.00,4129.00,6193.00,4129,2064,0.00,0.00,0,0
1592995646,eth0,0.00,0.00,0.00,0,0,0.00,0.00,0.00,0,0,0.00,0.00,0,0
1592995646,lo,0.00,0.00,0.00,0,0,0.00,0.00,0.00,0,0,0.00,0.00,0,0
1592995646,total,19162722.00,19162722.00,38325444.00,19162722,19162722,18581.00,18581.00,37162.00,18581,18581,0.00,0.00,0,0
1592995647,s1-eth1,6252256.00,136554.00,6388810.00,136554,6252256,4136.00,2069.00,6205.00,2069,4136,0.00,0.00,0,0
1592995647,s1-eth2,136488.00,6250742.00,6387230.00,6250742,136488,2068.00,4135.00,6203.00,4135,2068,0.00,0.00,0,0
1592995647,s2-eth1,6250742.00,136488.00,6387230.00,136488,6250742,4135.00,2068.00,6203.00,2068,4135,0.00,0.00,0,0
1592995647,s2-eth2,136554.00,6250742.00,6387296.00,6250742,136554,2069.00,4135.00,6204.00,4135,2069,0.00,0.00,0,0
1592995647,s3-eth1,6250742.00,136554.00,6387296.00,136554,6250742,4135.00,2069.00,6204.00,2069,4135,0.00,0.00,0,0
1592995647,s3-eth2,136554.00,6250742.00,6387296.00,6250742,136554,2069.00,4135.00,6204.00,4135,2069,0.00,0.00,0,0
1592995647,eth0,0.00,0.00,0.00,0,0,0.00,0.00,0.00,0,0,0.00,0.00,0,0
1592995647,lo,0.00,0.00,0.00,0,0,0.00,0.00,0.00,0,0,0.00,0.00,0,0
1592995647,total,19163336.00,19161822.00,38325160.00,19161822,19163336,18612.00,18611.00,37223.00,18611,18612,0.00,0.00,0,0
1592995648,s1-eth1,6251664.00,136488.00,6388152.00,136488,6251664,4136.00,2068.00,6204.00,2068,4136,0.00,0.00,0,0
1592995648,s1-eth2,136488.00,6251664.00,6388152.00,6251664,136488,2068.00,4136.00,6204.00,4136,2068,0.00,0.00,0,0
1592995648,s2-eth1,6251664.00,136488.00,6388152.00,136488,6251664,4136.00,2068.00,6204.00,2068,4136,0.00,0.00,0,0
1592995648,s2-eth2,136422.00,6251664.00,6388086.00,6251664,136422,2067.00,4136.00,6203.00,4136,2067,0.00,0.00,0,0
1592995648,s3-eth1,6251664.00,136422.00,6388086.00,136422,6251664,4136.00,2067.00,6203.00,2067,4136,0.00,0.00,0,0
1592995648,s3-eth2,136422.00,6251664.00,6388086.00,6251664,136422,2067.00,4136.00,6203.00,4136,2067,0.00,0.00,0,0
1592995648,eth0,0.00,0.00,0.00,0,0,0.00,0.00,0.00,0,0,0.00,0.00,0,0
1592995648,lo,516.00,516.00,1032.00,516,516,9.00,9.00,18.00,9,9,0.00,0.00,0,0
1592995648,total,19164840.00,19164906.00,38329744.00,19164906,19164840,18619.00,18620.00,37239.00,18620,18619,0.00,0.00,0,0
1592995649,s1-eth1,6251430.00,136422.00,6387852.00,136422,6251430,4135.00,2067.00,6202.00,2067,4135,0.00,0.00,0,0
1592995649,s1-eth2,136488.00,6250846.00,6387334.00,6250846,136488,2068.00,4135.00,6203.00,4135,2068,0.00,0.00,0,0
1592995649,s2-eth1,6250846.00,136488.00,6387334.00,136488,6250846,4135.00,2068.00,6203.00,2068,4135,0.00,0.00,0,0
1592995649,s2-eth2,136488.00,6250846.00,6387334.00,6250846,136488,2068.00,4135.00,6203.00,4135,2068,0.00,0.00,0,0
1592995649,s3-eth1,6250846.00,136488.00,6387334.00,136488,6250846,4135.00,2068.00,6203.00,2068,4135,0.00,0.00,0,0
1592995649,s3-eth2,136488.00,6250846.00,6387334.00,6250846,136488,2068.00,4135.00,6203.00,4135,2068,0.00,0.00,0,0
1592995649,eth0,0.00,0.00,0.00,0,0,0.00,0.00,0.00,0,0,0.00,0.00,0,0
1592995649,lo,0.00,0.00,0.00,0,0,0.00,0.00,0.00,0,0,0.00,0.00,0,0
1592995649,total,19162586.00,19161936.00,38324520.00,19161936,19162586,18609.00,18608.00,37217.00,18608,18609,0.00,0.00,0,0
1592995650,s1-eth1,6250790.00,136554.00,6387344.00,136554,6250790,4135.00,2069.00,6204.00,2069,4135,0.00,0.00,0,0
1592995650,s1-eth2,136488.00,6251374.00,6387862.00,6251374,136488,2068.00,4135.00,6203.00,4135,2068,0.00,0.00,0,0
1592995650,s2-eth1,6251374.00,136488.00,6387862.00,136488,6251374,4135.00,2068.00,6203.00,2068,4135,0.00,0.00,0,0
1592995650,s2-eth2,136554.00,6251608.00,6388162.00,6251608,136554,2069.00,4136.00,6205.00,4136,2069,0.00,0.00,0,0
1592995650,s3-eth1,6251608.00,136554.00,6388162.00,136554,6251608,4136.00,2069.00,6205.00,2069,4136,0.00,0.00,0,0
1592995650,s3-eth2,136554.00,6251608.00,6388162.00,6251608,136554,2069.00,4136.00,6205.00,4136,2069,0.00,0.00,0,0
1592995650,eth0,0.00,0.00,0.00,0,0,0.00,0.00,0.00,0,0,0.00,0.00,0,0
1592995650,lo,0.00,0.00,0.00,0,0,0.00,0.00,0.00,0,0,0.00,0.00,0,0
1592995650,total,19163368.00,19164186.00,38327552.00,19164186,19163368,18612.00,18613.00,37225.00,18613,18612,0.00,0.00,0,0
1592995651,s1-eth1,1601740.25,36527.47,1638267.75,36564,1603342,1061.94,553.45,1615.38,554,1063,0.00,0.00,0,0
1592995651,s1-eth2,37912.09,1539728.38,1577640.38,1541268,37950,574.43,1020.98,1595.40,1022,575,0.00,0.00,0,0
1592995651,s2-eth1,1539728.38,37912.09,1577640.38,37950,1541268,1020.98,574.43,1595.40,575,1022,0.00,0.00,0,0
1592995651,s2-eth2,39230.77,1471432.62,1510663.38,1472904,39270,594.41,975.03,1569.43,976,595,0.00,0.00,0,0
1592995651,s3-eth1,1471432.62,39230.77,1510663.38,39270,1472904,975.03,594.41,1569.43,595,976,0.00,0.00,0,0
1592995651,s3-eth2,40615.39,1403370.62,1443986.00,1404774,40656,615.38,930.07,1545.45,931,616,0.00,0.00,0,0
1592995651,eth0,0.00,0.00,0.00,0,0,0.00,0.00,0.00,0,0,0.00,0.00,0,0
1592995651,lo,0.00,0.00,0.00,0,0,0.00,0.00,0.00,0,0,0.00,0.00,0,0
1592995651,total,4730659.50,4528202.00,9258861.00,4532730,4735390,4842.16,4648.35,9490.51,4653,4847,0.00,0.00,0,0
1592995652,s1-eth1,0.00,0.00,0.00,0,0,0.00,0.00,0.00,0,0,0.00,0.00,0,0
1592995652,s1-eth2,0.00,0.00,0.00,0,0,0.00,0.00,0.00,0,0,0.00,0.00,0,0
1592995652,s2-eth1,0.00,0.00,0.00,0,0,0.00,0.00,0.00,0,0,0.00,0.00,0,0
1592995652,s2-eth2,0.00,0.00,0.00,0,0,0.00,0.00,0.00,0,0,0.00,0.00,0,0
1592995652,s3-eth1,0.00,0.00,0.00,0,0,0.00,0.00,0.00,0,0,0.00,0.00,0,0
1592995652,s3-eth2,0.00,0.00,0.00,0,0,0.00,0.00,0.00,0,0,0.00,0.00,0,0
1592995652,eth0,0.00,0.00,0.00,0,0,0.00,0.00,0.00,0,0,0.00,0.00,0,0
1592995652,lo,0.00,0.00,0.00,0,0,0.00,0.00,0.00,0,0,0.00,0.00,0,0
1592995652,total,0.00,0.00,0.00,0,0,0.00,0.00,0.00,0,0,0.00,0.00,0,0
1592995653,s1-eth1,0.00,0.00,0.00,0,0,0.00,0.00,0.00,0,0,0.00,0.00,0,0
1592995653,s1-eth2,0.00,0.00,0.00,0,0,0.00,0.00,0.00,0,0,0.00,0.00,0,0
1592995653,s2-eth1,0.00,0.00,0.00,0,0,0.00,0.00,0.00,0,0,0.00,0.00,0,0
1592995653,s2-eth2,0.00,0.00,0.00,0,0,0.00,0.00,0.00,0,0,0.00,0.00,0,0
1592995653,s3-eth1,0.00,0.00,0.00,0,0,0.00,0.00,0.00,0,0,0.00,0.00,0,0
1592995653,s3-eth2,0.00,0.00,0.00,0,0,0.00,0.00,0.00,0,0,0.00,0.00,0,0
1592995653,eth0,0.00,0.00,0.00,0,0,0.00,0.00,0.00,0,0,0.00,0.00,0,0
1592995653,lo,516.00,516.00,1032.00,516,516,9.00,9.00,18.00,9,9,0.00,0.00,0,0
1592995653,total,516.00,516.00,1032.00,516,516,9.00,9.00,18.00,9,9,0.00,0.00,0,0
1592995654,s1-eth1,0.00,0.00,0.00,0,0,0.00,0.00,0.00,0,0,0.00,0.00,0,0
1592995654,s1-eth2,0.00,0.00,0.00,0,0,0.00,0.00,0.00,0,0,0.00,0.00,0,0
1592995654,s2-eth1,0.00,0.00,0.00,0,0,0.00,0.00,0.00,0,0,0.00,0.00,0,0
1592995654,s2-eth2,0.00,0.00,0.00,0,0,0.00,0.00,0.00,0,0,0.00,0.00,0,0
1592995654,s3-eth1,0.00,0.00,0.00,0,0,0.00,0.00,0.00,0,0,0.00,0.00,0,0
1592995654,s3-eth2,0.00,0.00,0.00,0,0,0.00,0.00,0.00,0,0,0.00,0.00,0,0
1592995654,eth0,0.00,0.00,0.00,0,0,0.00,0.00,0.00,0,0,0.00,0.00,0,0
1592995654,lo,0.00,0.00,0.00,0,0,0.00,0.00,0.00,0,0,0.00,0.00,0,0
1592995654,total,0.00,0.00,0.00,0,0,0.00,0.00,0.00,0,0,0.00,0.00,0,0
1592995655,s1-eth1,0.00,0.00,0.00,0,0,0.00,0.00,0.00,0,0,0.00,0.00,0,0
1592995655,s1-eth2,0.00,0.00,0.00,0,0,0.00,0.00,0.00,0,0,0.00,0.00,0,0
1592995655,s2-eth1,0.00,0.00,0.00,0,0,0.00,0.00,0.00,0,0,0.00,0.00,0,0
1592995655,s2-eth2,0.00,0.00,0.00,0,0,0.00,0.00,0.00,0,0,0.00,0.00,0,0
1592995655,s3-eth1,0.00,0.00,0.00,0,0,0.00,0.00,0.00,0,0,0.00,0.00,0,0
1592995655,s3-eth2,0.00,0.00,0.00,0,0,0.00,0.00,0.00,0,0,0.00,0.00,0,0
1592995655,eth0,0.00,0.00,0.00,0,0,0.00,0.00,0.00,0,0,0.00,0.00,0,0
1592995655,lo,0.00,0.00,0.00,0,0,0.00,0.00,0.00,0,0,0.00,0.00,0,0
1592995655,total,0.00,0.00,0.00,0,0,0.00,0.00,0.00,0,0,0.00,0.00,0,0
1592995656,s1-eth1,42.00,42.00,84.00,42,42,1.00,1.00,2.00,1,1,0.00,0.00,0,0
1592995656,s1-eth2,42.00,42.00,84.00,42,42,1.00,1.00,2.00,1,1,0.00,0.00,0,0
1592995656,s2-eth1,42.00,42.00,84.00,42,42,1.00,1.00,2.00,1,1,0.00,0.00,0,0
1592995656,s2-eth2,42.00,42.00,84.00,42,42,1.00,1.00,2.00,1,1,0.00,0.00,0,0
1592995656,s3-eth1,42.00,42.00,84.00,42,42,1.00,1.00,2.00,1,1,0.00,0.00,0,0
1592995656,s3-eth2,42.00,42.00,84.00,42,42,1.00,1.00,2.00,1,1,0.00,0.00,0,0
1592995656,eth0,0.00,0.00,0.00,0,0,0.00,0.00,0.00,0,0,0.00,0.00,0,0
1592995656,lo,0.00,0.00,0.00,0,0,0.00,0.00,0.00,0,0,0.00,0.00,0,0
1592995656,total,252.00,252.00,504.00,252,252,6.00,6.00,12.00,6,6,0.00,0.00,0,0
1592995657,s1-eth1,0.00,0.00,0.00,0,0,0.00,0.00,0.00,0,0,0.00,0.00,0,0
1592995657,s1-eth2,0.00,0.00,0.00,0,0,0.00,0.00,0.00,0,0,0.00,0.00,0,0
1592995657,s2-eth1,0.00,0.00,0.00,0,0,0.00,0.00,0.00,0,0,0.00,0.00,0,0
1592995657,s2-eth2,0.00,0.00,0.00,0,0,0.00,0.00,0.00,0,0,0.00,0.00,0,0
1592995657,s3-eth1,0.00,0.00,0.00,0,0,0.00,0.00,0.00,0,0,0.00,0.00,0,0
1592995657,s3-eth2,0.00,0.00,0.00,0,0,0.00,0.00,0.00,0,0,0.00,0.00,0,0
1592995657,eth0,342.00,342.00,684.00,342,342,1.00,1.00,2.00,1,1,0.00,0.00,0,0
1592995657,lo,0.00,0.00,0.00,0,0,0.00,0.00,0.00,0,0,0.00,0.00,0,0
1592995657,total,342.00,342.00,684.00,342,342,1.00,1.00,2.00,1,1,0.00,0.00,0,0
1592995658,s1-eth1,0.00,0.00,0.00,0,0,0.00,0.00,0.00,0,0,0.00,0.00,0,0
1592995658,s1-eth2,0.00,0.00,0.00,0,0,0.00,0.00,0.00,0,0,0.00,0.00,0,0
1592995658,s2-eth1,0.00,0.00,0.00,0,0,0.00,0.00,0.00,0,0,0.00,0.00,0,0
1592995658,s2-eth2,0.00,0.00,0.00,0,0,0.00,0.00,0.00,0,0,0.00,0.00,0,0
1592995658,s3-eth1,0.00,0.00,0.0