1593016188,s1-eth1,0.00,0.00,0.00,0,0,0.00,0.00,0.00,0,0,0.00,0.00,0,0
1593016188,s1-eth2,0.00,0.00,0.00,0,0,0.00,0.00,0.00,0,0,0.00,0.00,0,0
1593016188,s6-eth1,0.00,0.00,0.00,0,0,0.00,0.00,0.00,0,0,0.00,0.00,0,0
1593016188,s6-eth3,0.00,0.00,0.00,0,0,0.00,0.00,0.00,0,0,0.00,0.00,0,0
1593016188,s7-eth1,0.00,0.00,0.00,0,0,0.00,0.00,0.00,0,0,0.00,0.00,0,0
1593016188,s7-eth3,0.00,0.00,0.00,0,0,0.00,0.00,0.00,0,0,0.00,0.00,0,0
1593016188,s8-eth1,0.00,0.00,0.00,0,0,0.00,0.00,0.00,0,0,0.00,0.00,0,0
1593016188,eth0,0.00,0.00,0.00,0,0,0.00,0.00,0.00,0,0,0.00,0.00,0,0
1593016188,lo,0.00,0.00,0.00,0,0,0.00,0.00,0.00,0,0,0.00,0.00,0,0
1593016188,s4-eth3,0.00,0.00,0.00,0,0,0.00,0.00,0.00,0,0,0.00,0.00,0,0
1593016188,s5-eth1,0.00,0.00,0.00,0,0,0.00,0.00,0.00,0,0,0.00,0.00,0,0
1593016188,s5-eth3,0.00,0.00,0.00,0,0,0.00,0.00,0.00,0,0,0.00,0.00,0,0
1593016188,total,0.00,0.00,0.00,0,0,0.00,0.00,0.00,0,0,0.00,0.00,0,0
1593016189,s1-eth1,1248770.50,28063.87,1276834.38,28120,1251268,830.34,425.15,1255.49,426,832,0.00,0.00,0,0
1593016189,s1-eth2,28063.87,1251792.50,1279856.38,1254296,28120,425.15,832.34,1257.49,834,426,0.00,0.00,0,0
1593016189,s6-eth1,0.00,0.00,0.00,0,0,0.00,0.00,0.00,0,0,0.00,0.00,0,0
1593016189,s6-eth3,0.00,0.00,0.00,0,0,0.00,0.00,0.00,0,0,0.00,0.00,0,0
1593016189,s7-eth1,0.00,0.00,0.00,0,0,0.00,0.00,0.00,0,0,0.00,0.00,0,0
1593016189,s7-eth3,0.00,0.00,0.00,0,0,0.00,0.00,0.00,0,0,0.00,0.00,0,0
1593016189,s8-eth1,0.00,0.00,0.00,0,0,0.00,0.00,0.00,0,0,0.00,0.00,0,0
1593016189,eth0,137.72,65.87,203.59,66,138,1.00,1.00,2.00,1,1,0.00,0.00,0,0
1593016189,lo,874.25,874.25,1748.50,876,876,9.98,9.98,19.96,10,10,0.00,0.00,0,0
1593016189,s4-eth3,0.00,0.00,0.00,0,0,0.00,0.00,0.00,0,0,0.00,0.00,0,0
1593016189,s5-eth1,0.00,0.00,0.00,0,0,0.00,0.00,0.00,0,0,0.00,0.00,0,0
1593016189,s5-eth3,0.00,0.00,0.00,0,0,0.00,0.00,0.00,0,0,0.00,0.00,0,0
1593016189,total,1277846.38,1280796.50,2558642.75,1283358,1280402,1266.47,1268.46,2534.93,1271,1269,0.00,0.00,0,0
1593016190,s1-eth1,1253644.38,27890.11,1281534.50,27918,1254898,832.17,422.58,1254.75,423,833,0.00,0.00,0,0
1593016190,s1-eth2,27890.11,1250619.38,1278509.50,1251870,27918,422.58,830.17,1252.75,831,423,0.00,0.00,0,0
1593016190,s6-eth1,0.00,0.00,0.00,0,0,0.00,0.00,0.00,0,0,0.00,0.00,0,0
1593016190,s6-eth3,0.00,0.00,0.00,0,0,0.00,0.00,0.00,0,0,0.00,0.00,0,0
1593016190,s7-eth1,0.00,0.00,0.00,0,0,0.00,0.00,0.00,0,0,0.00,0.00,0,0
1593016190,s7-eth3,0.00,0.00,0.00,0,0,0.00,0.00,0.00,0,0,0.00,0.00,0,0
1593016190,s8-eth1,0.00,0.00,0.00,0,0,0.00,0.00,0.00,0,0,0.00,0.00,0,0
1593016190,eth0,137.86,65.93,203.80,66,138,1.00,1.00,2.00,1,1,0.00,0.00,0,0
1593016190,lo,0.00,0.00,0.00,0,0,0.00,0.00,0.00,0,0,0.00,0.00,0,0
1593016190,s4-eth3,0.00,0.00,0.00,0,0,0.00,0.00,0.00,0,0,0.00,0.00,0,0
1593016190,s5-eth1,0.00,0.00,0.00,0,0,0.00,0.00,0.00,0,0,0.00,0.00,0,0
1593016190,s5-eth3,0.00,0.00,0.00,0,0,0.00,0.00,0.00,0,0,0.00,0.00,0,0
1593016190,total,1281672.38,1278575.50,2560247.75,1279854,1282954,1255.74,1253.75,2509.49,1255,1257,0.00,0.00,0,0
1593016191,s1-eth1,1250224.00,27984.00,1278208.00,27984,1250224,828.00,424.00,1252.00,424,828,0.00,0.00,0,0
1593016191,s1-eth2,27984.00,1250224.00,1278208.00,1250224,27984,424.00,828.00,1252.00,828,424,0.00,0.00,0,0
1593016191,s6-eth1,0.00,0.00,0.00,0,0,0.00,0.00,0.00,0,0,0.00,0.00,0,0
1593016191,s6-eth3,0.00,0.00,0.00,0,0,0.00,0.00,0.00,0,0,0.00,0.00,0,0
1593016191,s7-eth1,0.00,0.00,0.00,0,0,0.00,0.00,0.00,0,0,0.00,0.00,0,0
1593016191,s7-eth3,0.00,0.00,0.00,0,0,0.00,0.00,0.00,0,0,0.00,0.00,0,0
1593016191,s8-eth1,0.00,0.00,0.00,0,0,0.00,0.00,0.00,0,0,0.00,0.00,0,0
1593016191,eth0,138.00,66.00,204.00,66,138,1.00,1.00,2.00,1,1,0.00,0.00,0,0
1593016191,lo,0.00,0.00,0.00,0,0,0.00,0.00,0.00,0,0,0.00,0.00,0,0
1593016191,s4-eth3,0.00,0.00,0.00,0,0,0.00,0.00,0.00,0,0,0.00,0.00,0,0
1593016191,s5-eth1,0.00,0.00,0.00,0,0,0.00,0.00,0.00,0,0,0.00,0.00,0,0
1593016191,s5-eth3,0.00,0.00,0.00,0,0,0.00,0.00,0.00,0,0,0.00,0.00,0,0
1593016191,total,1278346.00,1278274.00,2556620.00,1278274,1278346,1253.00,1253.00,2506.00,1253,1253,0.00,0.00,0,0
1593016192,s1-eth1,1250356.00,27852.00,1278208.00,27852,1250356,830.00,422.00,1252.00,422,830,0.00,0.00,0,0
1593016192,s1-eth2,27852.00,1250356.00,1278208.00,1250356,27852,422.00,830.00,1252.00,830,422,0.00,0.00,0,0
1593016192,s6-eth1,0.00,0.00,0.00,0,0,0.00,0.00,0.00,0,0,0.00,0.00,0,0
1593016192,s6-eth3,0.00,0.00,0.00,0,0,0.00,0.00,0.00,0,0,0.00,0.00,0,0
1593016192,s7-eth1,0.00,0.00,0.00,0,0,0.00,0.00,0.00,0,0,0.00,0.00,0,0
1593016192,s7-eth3,0.00,0.00,0.00,0,0,0.00,0.00,0.00,0,0,0.00,0.00,0,0
1593016192,s8-eth1,0.00,0.00,0.00,0,0,0.00,0.00,0.00,0,0,0.00,0.00,0,0
1593016192,eth0,138.00,66.00,204.00,66,138,1.00,1.00,2.00,1,1,0.00,0.00,0,0
1593016192,lo,0.00,0.00,0.00,0,0,0.00,0.00,0.00,0,0,0.00,0.00,0,0
1593016192,s4-eth3,0.00,0.00,0.00,0,0,0.00,0.00,0.00,0,0,0.00,0.00,0,0
1593016192,s5-eth1,0.00,0.00,0.00,0,0,0.00,0.00,0.00,0,0,0.00,0.00,0,0
1593016192,s5-eth3,0.00,0.00,0.00,0,0,0.00,0.00,0.00,0,0,0.00,0.00,0,0
1593016192,total,1278346.00,1278274.00,2556620.00,1278274,1278346,1253.00,1253.00,2506.00,1253,1253,0.00,0.00,0,0
1593016193,s1-eth1,1250360.00,27988.00,1278348.00,27988,1250360,830.00,424.00,1254.00,424,830,0.00,0.00,0,0
1593016193,s1-eth2,27922.00,1250360.00,1278282.00,1250360,27922,423.00,830.00,1253.00,830,423,0.00,0.00,0,0
1593016193,s6-eth1,0.00,0.00,0.00,0,0,0.00,0.00,0.00,0,0,0.00,0.00,0,0
1593016193,s6-eth3,0.00,0.00,0.00,0,0,0.00,0.00,0.00,0,0,0.00,0.00,0,0
1593016193,s7-eth1,0.00,0.00,0.00,0,0,0.00,0.00,0.00,0,0,0.00,0.00,0,0
1593016193,s7-eth3,0.00,0.00,0.00,0,0,0.00,0.00,0.00,0,0,0.00,0.00,0,0
1593016193,s8-eth1,0.00,0.00,0.00,0,0,0.00,0.00,0.00,0,0,0.00,0.00,0,0
1593016193,eth0,138.00,66.00,204.00,66,138,1.00,1.00,2.00,1,1,0.00,0.00,0,0
1593016193,lo,1432.00,1432.00,2864.00,1432,1432,22.00,22.00,44.00,22,22,0.00,0.00,0,0
1593016193,s4-eth3,0.00,0.00,0.00,0,0,0.00,0.00,0.00,0,0,0.00,0.00,0,0
1593016193,s5-eth1,0.00,0.00,0.00,0,0,0.00,0.00,0.00,0,0,0.00,0.00,0,0
1593016193,s5-eth3,0.00,0.00,0.00,0,0,0.00,0.00,0.00,0,0,0.00,0.00,0,0
1593016193,total,1279852.00,1279846.00,2559698.00,1279846,1279852,1276.00,1277.00,2553.00,1277,1276,0.00,0.00,0,0
1593016194,s1-eth1,1250356.00,27456.00,1277812.00,27456,1250356,830.00,416.00,1246.00,416,830,0.00,0.00,0,0
1593016194,s1-eth2,27522.00,1250356.00,1277878.00,1250356,27522,417.00,830.00,1247.00,830,417,0.00,0.00,0,0
1593016194,s6-eth1,0.00,0.00,0.00,0,0,0.00,0.00,0.00,0,0,0.00,0.00,0,0
1593016194,s6-eth3,0.00,0.00,0.00,0,0,0.00,0.00,0.00,0,0,0.00,0.00,0,0
1593016194,s7-eth1,0.00,0.00,0.00,0,0,0.00,0.00,0.00,0,0,0.00,0.00,0,0
1593016194,s7-eth3,0.00,0.00,0.00,0,0,0.00,0.00,0.00,0,0,0.00,0.00,0,0
1593016194,s8-eth1,0.00,0.00,0.00,0,0,0.00,0.00,0.00,0,0,0.00,0.00,0,0
1593016194,eth0,138.00,66.00,204.00,66,138,1.00,1.00,2.00,1,1,0.00,0.00,0,0
1593016194,lo,0.00,0.00,0.00,0,0,0.00,0.00,0.00,0,0,0.00,0.00,0,0
1593016194,s4-eth3,0.00,0.00,0.00,0,0,0.00,0.00,0.00,0,0,0.00,0.00,0,0
1593016194,s5-eth1,0.00,0.00,0.00,0,0,0.00,0.00,0.00,0,0,0.00,0.00,0,0
1593016194,s5-eth3,0.00,0.00,0.00,0,0,0.00,0.00,0.00,0,0,0.00,0.00,0,0
1593016194,total,1278016.00,1277878.00,2555894.00,1277878,1278016,1248.00,1247.00,2495.00,1247,1248,0.00,0.00,0,0
1593016195,s1-eth1,1250920.00,28644.00,1279564.00,28644,1250920,828.00,434.00,1262.00,434,828,0.00,0.00,0,0
1593016195,s1-eth2,28578.00,1250920.00,1279498.00,1250920,28578,433.00,828.00,1261.00,828,433,0.00,0.00,0,0
1593016195,s6-eth1,0.00,0.00,0.00,0,0,0.00,0.00,0.00,0,0,0.00,0.00,0,0
1593016195,s6-eth3,0.00,0.00,0.00,0,0,0.00,0.00,0.00,0,0,0.00,0.00,0,0
1593016195,s7-eth1,0.00,0.00,0.00,0,0,0.00,0.00,0.00,0,0,0.00,0.00,0,0
1593016195,s7-eth3,0.00,0.00,0.00,0,0,0.00,0.00,0.00,0,0,0.00,0.00,0,0
1593016195,s8-eth1,0.00,0.00,0.00,0,0,0.00,0.00,0.00,0,0,0.00,0.00,0,0
1593016195,eth0,138.00,66.00,204.00,66,138,1.00,1.00,2.00,1,1,0.00,0.00,0,0
1593016195,lo,0.00,0.00,0.00,0,0,0.00,0.00,0.00,0,0,0.00,0.00,0,0
1593016195,s4-eth3,0.00,0.00,0.00,0,0,0.00,0.00,0.00,0,0,0.00,0.00,0,0
1593016195,s5-eth1,0.00,0.00,0.00,0,0,0.00,0.00,0.00,0,0,0.00,0.00,0,0
1593016195,s5-eth3,0.00,0.00,0.00,0,0,0.00,0.00,0.00,0,0,0.00,0.00,0,0
1593016195,total,1279636.00,1279630.00,2559266.00,1279630,1279636,1262.00,1263.00,2525.00,1263,1262,0.00,0.00,0,0
1593016196,s1-eth1,1250168.00,28776.00,1278944.00,28776,1250168,828.00,436.00,1264.00,436,828,0.00,0.00,0,0
1593016196,s1-eth2,28842.00,1250168.00,1279010.00,1250168,28842,437.00,828.00,1265.00,828,437,0.00,0.00,0,0
1593016196,s6-eth1,0.00,0.00,0.00,0,0,0.00,0.00,0.00,0,0,0.00,0.00,0,0
1593016196,s6-eth3,0.00,0.00,0.00,0,0,0.00,0.00,0.00,0,0,0.00,0.00,0,0
1593016196,s7-eth1,0.00,0.00,0.00,0,0,0.00,0.00,0.00,0,0,0.00,0.00,0,0
1593016196,s7-eth3,0.00,0.00,0.00,0,0,0.00,0.00,0.00,0,0,0.00,0.00,0,0
1593016196,s8-eth1,0.00,0.00,0.00,0,0,0.00,0.00,0.00,0,0,0.00,0.00,0,0
1593016196,eth0,138.00,66.00,204.00,66,138,1.00,1.00,2.00,1,1,0.00,0.00,0,0
1593016196,lo,0.00,0.00,0.00,0,0,0.00,0.00,0.00,0,0,0.00,0.00,0,0
1593016196,s4-eth3,0.00,0.00,0.00,0,0,0.00,0.00,0.00,0,0,0.00,0.00,0,0
1593016196,s5-eth1,0.00,0.00,0.00,0,0,0.00,0.00,0.00,0,0,0.00,0.00,0,0
1593016196,s5-eth3,0.00,0.00,0.00,0,0,0.00,0.00,0.00,0,0,0.00,0.00,0,0
1593016196,total,1279148.00,1279010.00,2558158.00,1279010,1279148,1266.00,1265.00,2531.00,1265,1266,0.00,0.00,0,0
1593016197,s1-eth1,1250274.00,27484.00,1277758.00,27484,1250274,827.00,416.00,1243.00,416,827,0.00,0.00,0,0
1593016197,s1-eth2,27418.00,1250274.00,1277692.00,1250274,27418,415.00,827.00,1242.00,827,415,0.00,0.00,0,0
1593016197,s6-eth1,0.00,0.00,0.00,0,0,0.00,0.00,0.00,0,0,0.00,0.00,0,0
1593016197,s6-eth3,0.00,0.00,0.00,0,0,0.00,0.00,0.00,0,0,0.00,0.00,0,0
1593016197,s7-eth1,0.00,0.00,0.00,0,0,0.00,0.00,0.00,0,0,0.00,0.00,0,0
1593016197,s7-eth3,0.00,0.00,0.00,0,0,0.00,0.00,0.00,0,0,0.00,0.00,0,0
1593016197,s8-eth1,0.00,0.00,0.00,0,0,0.00,0.00,0.00,0,0,0.00,0.00,0,0
1593016197,eth0,138.00,66.00,204.00,66,138,1.00,1.00,2.00,1,1,0.00,0.00,0,0
1593016197,lo,824.00,824.00,1648.00,824,824,9.00,9.00,18.00,9,9,0.00,0.00,0,0
1593016197,s4-eth3,0.00,0.00,0.00,0,0,0.00,0.00,0.00,0,0,0.00,0.00,0,0
1593016197,s5-eth1,0.00,0.00,0.00,0,0,0.00,0.00,0.00,0,0,0.00,0.00,0,0
1593016197,s5-eth3,0.00,0.00,0.00,0,0,0.00,0.00,0.00,0,0,0.00,0.00,0,0
1593016197,total,1278654.00,1278648.00,2557302.00,1278648,1278654,1252.00,1253.00,2505.00,1253,1252,0.00,0.00,0,0
1593016198,s1-eth1,1250158.00,27324.00,1277482.00,27324,1250158,827.00,414.00,1241.00,414,827,0.00,0.00,0,0
1593016198,s1-eth2,27390.00,1250158.00,1277548.00,1250158,27390,415.00,827.00,1242.00,827,415,0.00,0.00,0,0
1593016198,s6-eth1,0.00,0.00,0.00,0,0,0.00,0.00,0.00,0,0,0.00,0.00,0,0
1593016198,s6-eth3,0.00,0.00,0.00,0,0,0.00,0.00,0.00,0,0,0.00,0.00,0,0
1593016198,s7-eth1,0.00,0.00,0.00,0,0,0.00,0.00,0.00,0,0,0.00,0.00,0,0
1593016198,s7-eth3,0.00,0.00,0.00,0,0,0.00,0.00,0.00,0,0,0.00,0.00,0,0
1593016198,s8-eth1,0.00,0.00,0.00,0,0,0.00,0.00,0.00,0,0,0.00,0.00,0,0
1593016198,eth0,138.00,66.00,204.00,66,138,1.00,1.00,2.00,1,1,0.00,0.00,0,0
1593016198,lo,688.00,688.00,1376.00,688,688,12.00,12.00,24.00,12,12,0.00,0.00,0,0
1593016198,s4-eth3,0.00,0.00,0.00,0,0,0.00,0.00,0.00,0,0,0.00,0.00,0,0
1593016198,s5-eth1,0.00,0.00,0.00,0,0,0.00,0.00,0.00,0,0,0.00,0.00,0,0
1593016198,s5-eth3,0.00,0.00,0.00,0,0,0.00,0.00,0.00,0,0,0.00,0.00,0,0
1593016198,total,1278374.00,1278236.00,2556610.00,1278236,1278374,1255.00,1254.00,2509.00,1254,1255,0.00,0.00,0,0
1593016199,s1-eth1,1250158.00,27390.00,1277548.00,27390,1250158,827.00,415.00,1242.00,415,827,0.00,0.00,0,0
1593016199,s1-eth2,27390.00,1250158.00,1277548.00,1250158,27390,415.00,827.00,1242.00,827,415,0.00,0.00,0,0
1593016199,s6-eth1,0.00,0.00,0.00,0,0,0.00,0.00,0.00,0,0,0.00,0.00,0,0
1593016199,s6-eth3,0.00,0.00,0.00,0,0,0.00,0.00,0.00,0,0,0.00,0.00,0,0
1593016199,s7-eth1,0.00,0.00,0.00,0,0,0.00,0.00,0.00,0,0,0.00,0.00,0,0
1593016199,s7-eth3,0.00,0.00,0.00,0,0,0.00,0.00,0.00,0,0,0.00,0.00,0,0
1593016199,s8-eth1,0.00,0.00,0.00,0,0,0.00,0.00,0.00,0,0,0.00,0.00,0,0
1593016199,eth0,138.00,66.00,204.00,66,138,1.00,1.00,2.00,1,1,0.00,0.00,0,0
1593016199,lo,0.00,0.00,0.00,0,0,0.00,0.00,0.00,0,0,0.00,0.00,0,0
1593016199,s4-eth3,0.00,0.00,0.00,0,0,0.00,0.00,0.00,0,0,0.00,0.00,0,0
1593016199,s5-eth1,0.00,0.00,0.00,0,0,0.00,0.00,0.00,0,0,0.00,0.00,0,0
1593016199,s5-eth3,0.00,0.00,0.00,0,0,0.00,0.00,0.00,0,0,0.00,0.00,0,0
1593016199,total,1277686.00,1277614.00,2555300.00,1277614,1277686,1243.00,1243.00,2486.00,1243,1243,0.00,0.00,0,0
1593016200,s1-eth1,1251672.00,27522.00,1279194.00,27522,1251672,828.00,417.00,1245.00,417,828,0.00,0.00,0,0
1593016200,s1-eth2,27456.00,1250158.00,1277614.00,1250158,27456,416.00,827.00,1243.00,827,416,0.00,0.00,0,0
1593016200,s6-eth1,0.00,0.00,0.00,0,0,0.00,0.00,0.00,0,0,0.00,0.00,0,0
1593016200,s6-eth3,0.00,0.00,0.00,0,0,0.00,0.00,0.00,0,0,0.00,0.00,0,0
1593016200,s7-eth1,0.00,0.00,0.00,0,0,0.00,0.00,0.00,0,0,0.00,0.00,0,0
1593016200,s7-eth3,0.00,0.00,0.00,0,0,0.00,0.00,0.00,0,0,0.00,0.00,0,0
1593016200,s8-eth1,0.00,0.00,0.00,0,0,0.00,0.00,0.00,0,0,0.00,0.00,0,0
1593016200,eth0,138.00,66.00,204.00,66,138,1.00,1.00,2.00,1,1,0.00,0.00,0,0
1593016200,lo,0.00,0.00,0.00,0,0,0.00,0.00,0.00,0,0,0.00,0.00,0,0
1593016200,s4-eth3,0.00,0.00,0.00,0,0,0.00,0.00,0.00,0,0,0.00,0.00,0,0
1593016200,s5-eth1,0.00,0.00,0.00,0,0,0.00,0.00,0.00,0,0,0.00,0.00,0,0
1593016200,s5-eth3,0.00,0.00,0.00,0,0,0.00,0.00,0.00,0,0,0.00,0.00,0,0
1593016200,total,1279266.00,1277746.00,2557012.00,1277746,1279266,1245.00,1245.00,2490.00,1245,1245,0.00,0.00,0,0
1593016201,s1-eth1,1250224.00,27324.00,1277548.00,27324,1250224,828.00,414.00,1242.00,414,828,0.00,0.00,0,0
1593016201,s1-eth2,27390.00,1250224.00,1277614.00,1250224,27390,415.00,828.00,1243.00,828,415,0.00,0.00,0,0
1593016201,s6-eth1,0.00,0.00,0.00,0,0,0.00,0.00,0.00,0,0,0.00,0.00,0,0
1593016201,s6-eth3,0.00,0.00,0.00,0,0,0.00,0.00,0.00,0,0,0.00,0.00,0,0
1593016201,s7-eth1,0.00,0.00,0.00,0,0,0.00,0.00,0.00,0,0,0.00,0.00,0,0
1593016201,s7-eth3,0.00,0.00,0.00,0,0,0.00,0.00,0.00,0,0,0.00,0.00,0,0
1593016201,s8-eth1,0.00,0.00,0.00,0,0,0.00,0.00,0.00,0,0,0.00,0.00,0,0
1593016201,eth0,138.00,66.00,204.00,66,138,1.00,1.00,2.00,1,1,0.00,0.00,0,0
1593016201,lo,0.00,0.00,0.00,0,0,0.00,0.00,0.00,0,0,0.00,0.00,0,0
1593016201,s4-eth3,0.00,0.00,0.00,0,0,0.00,0.00,0.00,0,0,0.00,0.00,0,0
1593016201,s5-eth1,0.00,0.00,0.00,0,0,0.00,0.00,0.00,0,0,0.00,0.00,0,0
1593016201,s5-eth3,0.00,0.00,0.00,0,0,0.00,0.00,0.00,0,0,0.00,0.00,0,0
1593016201,total,1277752.00,1277614.00,2555366.00,1277614,1277752,1244.00,1243.00,2487.00,1243,1244,0.00,0.00,0,0
1593016202,s1-eth1,1250046.00,27324.00,1277370.00,27324,1250046,827.00,414.00,1241.00,414,827,0.00,0.00,0,0
1593016202,s1-eth2,27258.00,1251560.00,1278818.00,1251560,27258,413.00,828.00,1241.00,828,413,0.00,0.00,0,0
1593016202,s6-eth1,0.00,0.00,0.00,0,0,0.00,0.00,0.00,0,0,0.00,0.00,0,0
1593016202,s6-eth3,0.00,0.00,0.00,0,0,0.00,0.00,0.00,0,0,0.00,0.00,0,0
1593016202,s7-eth1,0.00,0.00,0.00,0,0,0.00,0.00,0.00,0,0,0.00,0.00,0,0
1593016202,s7-eth3,0.00,0.00,0.00,0,0,0.00,0.00,0.00,0,0,0.00,0.00,0,0
1593016202,s8-eth1,0.00,0.00,0.00,0,0,0.00,0.00,0.00,0,0,0.00,0.00,0,0
1593016202,eth0,138.00,66.00,204.00,66,138,1.00,1.00,2.00,1,1,0.00,0.00,0,0
1593016202,lo,172.00,172.00,344.00,172,172,3.00,3.00,6.00,3,3,0.00,0.00,0,0
1593016202,s4-eth3,0.00,0.00,0.00,0,0,0.00,0.00,0.00,0,0,0.00,0.00,0,0
1593016202,s5-eth1,0.00,0.00,0.00,0,0,0.00,0.00,0.00,0,0,0.00,0.00,0,0
1593016202,s5-eth3,0.00,0.00,0.00,0,0,0.00,0.00,0.00,0,0,0.00,0.00,0,0
1593016202,total,1277614.00,1279122.00,2556736.00,1279122,1277614,1244.00,1246.00,2490.00,1246,1244,0.00,0.00,0,0
1593016203,s1-eth1,1250270.00,27324.00,1277594.00,27324,1250270,827.00,414.00,1241.00,414,827,0.00,0.00,0,0
1593016203,s1-eth2,27390.00,1250270.00,1277660.00,1250270,27390,415.00,827.00,1242.00,827,415,0.00,0.00,0,0
1593016203,s6-eth1,0.00,0.00,0.00,0,0,0.00,0.00,0.00,0,0,0.00,0.00,0,0
1593016203,s6-eth3,0.00,0.00,0.00,0,0,0.00,0.00,0.00,0,0,0.00,0.00,0,0
1593016203,s7-eth1,0.00,0.00,0.00,0,0,0.00,0.00,0.00,0,0,0.00,0.00,0,0
1593016203,s7-eth3,0.00,0.00,0.00,0,0,0.00,0.00,0.00,0,0,0.00,0.00,0,0
1593016203,s8-eth1,0.00,0.00,0.00,0,0,0.00,0.00,0.00,0,0,0.00,0.00,0,0
1593016203,eth0,138.00,66.00,204.00,66,138,1.00,1.00,2.00,1,1,0.00,0.00,0,0
1593016203,lo,688.00,688.00,1376.00,688,688,12.00,12.00,24.00,12,12,0.00,0.00,0,0
1593016203,s4-eth3,0.00,0.00,0.00,0,0,0.00,0.00,0.00,0,0,0.00,0.00,0,0
1593016203,s5-eth1,0.00,0.00,0.00,0,0,0.00,0.00,0.00,0,0,0.00,0.00,0,0
1593016203,s5-eth3,0.00,0.00,0.00,0,0,0.00,0.00,0.00,0,0,0.00,0.00,0,0
1593016203,total,1278486.00,1278348.00,2556834.00,1278348,1278486,1255.00,1254.00,2509.00,1254,1255,0.00,0.00,0,0
1593016204,s1-eth1,1250158.00,27390.00,1277548.00,27390,1250158,827.00,415.00,1242.00,415,827,0.00,0.00,0,0
1593016204,s1-eth2,27390.00,1250158.00,1277548.00,1250158,27390,415.00,827.00,1242.00,827,415,0.00,0.00,0,0
1593016204,s6-eth1,0.00,0.00,0.00,0,0,0.00,0.00,0.00,0,0,0.00,0.00,0,0
1593016204,s6-eth3,0.00,0.00,0.00,0,0,0.00,0.00,0.00,0,0,0.00,0.00,0,0
1593016204,s7-eth1,0.00,0.00,0.00,0,0,0.00,0.00,0.00,0,0,0.00,0.00,0,0
1593016204,s7-eth3,0.00,0.00,0.00,0,0,0.00,0.00,0.00,0,0,0.00,0.00,0,0
1593016204,s8-eth1,0.00,0.00,0.00,0,0,0.00,0.00,0.00,0,0,0.00,0.00,0,0
1593016204,eth0,138.00,66.00,204.00,66,138,1.00,1.00,2.00,1,1,0.00,0.00,0,0
1593016204,lo,0.00,0.00,0.00,0,0,0.00,0.00,0.00,0,0,0.00,0.00,0,0
1593016204,s4-eth3,0.00,0.00,0.00,0,0,0.00,0.00,0.00,0,0,0.00,0.00,0,0
1593016204,s5-eth1,0.00,0.00,0.00,0,0,0.00,0.00,0.00,0,0,0.00,0.00,0,0
1593016204,s5-eth3,0.00,0.00,0.00,0,0,0.00,0.00,0.00,0,0,0.00,0.00,0,0
1593016204,total,1277686.00,1277614.00,2555300.00,1277614,1277686,1243.00,1243.00,2486.00,1243,1243,0.00,0.00,0,0
1593016205,s1-eth1,1250158.00,27324.00,1277482.00,27324,1250158,827.00,414.00,1241.00,414,827,0.00,0.00,0,0
1593016205,s1-eth2,27324.00,1250158.00,1277482.00,1250158,27324,414.00,827.00,1241.00,827,414,0.00,0.00,0,0
1593016205,s6-eth1,0.00,0.00,0.00,0,0,0.00,0.00,0.00,0,0,0.00,0.00,0,0
1593016205,s6-eth3,0.00,0.00,0.00,0,0,0.00,0.00,0.00,0,0,0.00,0.00,0,0
1593016205,s7-eth1,0.00,0.00,0.00,0,0,0.00,0.00,0.00,0,0,0.00,0.00,0,0
1593016205,s7-eth3,0.00,0.00,0.00,0,0,0.00,0.00,0.00,0,0,0.00,0.00,0,0
1593016205,s8-eth1,0.00,0.00,0.00,0,0,0.00,0.00,0.00,0,0,0.00,0.00,0,0
1593016205,eth0,138.00,66.00,204.00,66,138,1.00,1.00,2.00,1,1,0.00,0.00,0,0
1593016205,lo,0.00,0.00,0.00,0,0,0.00,0.00,0.00,0,0,0.00,0.00,0,0
1593016205,s4-eth3,0.00,0.00,0.00,0,0,0.00,0.00,0.00,0,0,0.00,0.00,0,0
1593016205,s5-eth1,0.00,0.00,0.00,0,0,0.00,0.00,0.00,0,0,0.00,0.00,0,0
1593016205,s5-eth3,0.00,0.00,0.00,0,0,0.00,0.00,0.00,0,0,0.00,0.00,0,0
1593016205,total,1277620.00,1277548.00,2555168.00,1277548,1277620,1242.00,1242.00,2484.00,1242,1242,0.00,0.00,0,0
1593016206,s1-eth1,1250158.00,27390.00,1277548.00,27390,1250158,827.00,415.00,1242.00,415,827,0.00,0.00,0,0
1593016206,s1-eth2,27324.00,1250158.00,1277482.00,1250158,27324,414.00,827.00,1241.00,827,414,0.00,0.00,0,0
1593016206,s6-eth1,0.00,0.00,0.00,0,0,0.00,0.00,0.00,0,0,0.00,0.00,0,0
1593016206,s6-eth3,0.00,0.00,0.00,0,0,0.00,0.00,0.00,0,0,0.00,0.00,0,0
1593016206,s7-eth1,0.00,0.00,0.00,0,0,0.00,0.00,0.00,0,0,0.00,0.00,0,0
1593016206,s7-eth3,0.00,0.00,0.00,0,0,0.00,0.00,0.00,0,0,0.00,0.00,0,0
1593016206,s8-eth1,0.00,0.00,0.00,0,0,0.00,0.00,0.00,0,0,0.00,0.00,0,0
1593016206,eth0,138.00,66.00,204.00,66,138,1.00,1.00,2.00,1,1,0.00,0.00,0,0
1593016206,lo,0.00,0.00,0.00,0,0,0.00,0.00,0.00,0,0,0.00,0.00,0,0
1593016206,s4-eth3,0.00,0.00,0.00,0,0,0.00,0.00,0.00,0,0,0.00,0.00,0,0
1593016206,s5-eth1,0.00,0.00,0.00,0,0,0.00,0.00,0.00,0,0,0.00,0.00,0,0
1593016206,s5-eth3,0.00,0.00,0.00,0,0,0.00,0.00,0.00,0,0,0.00,0.00,0,0
1593016206,total,1277620.00,1277614.00,2555234.00,1277614,1277620,1242.00,1243.00,2485.00,1243,1242,0.00,0.00,0,0
1593016207,s1-eth1,1251738.00,27390.00,1279128.00,27390,1251738,829.00,415.00,1244.00,415,829,0.00,0.00,0,0
1593016207,s1-eth2,27390.00,1250224.00,1277614.00,1250224,27390,415.00,828.00,1243.00,828,415,0.00,0.00,0,0
1593016207,s6-eth1,0.00,0.00,0.00,0,0,0.00,0.00,0.00,0,0,0.00,0.00,0,0
1593016207,s6-eth3,0.00,0.00,0.00,0,0,0.00,0.00,0.00,0,0,0.00,0.00,0,0
1593016207,s7-eth1,0.00,0.00,0.00,0,0,0.00,0.00,0.00,0,0,0.00,0.00,0,0
1593016207,s7-eth3,0.00,0.00,0.00,0,0,0.00,0.00,0.00,0,0,0.00,0.00,0,0
1593016207,s8-eth1,0.00,0.00,0.00,0,0,0.00,0.00,0.00,0,0,0.00,0.00,0,0
1593016207,eth0,138.00,66.00,204.00,66,138,1.00,1.00,2.00,1,1,0.00,0.00,0,0
1593016207,lo,172.00,172.00,344.00,172,172,3.00,3.00,6.00,3,3,0.00,0.00,0,0
1593016207,s4-eth3,0.00,0.00,0.00,0,0,0.00,0.00,0.00,0,0,0.00,0.00,0,0
1593016207,s5-eth1,0.00,0.00,0.00,0,0,0.00,0.00,0.00,0,0,0.00,0.00,0,0
1593016207,s5-eth3,0.00,0.00,0.00,0,0,0.00,0.00,0.00,0,0,0.00,0.00,0,0
1593016207,total,1279438.00,1277852.00,2557290.00,1277852,1279438,1248.00,1247.00,2495.00,1247,1248,0.00,0.00,0,0
1593016208,s1-eth1,1250092.00,27258.00,1277350.00,27258,1250092,826.00,413.00,1239.00,413,826,0.00,0.00,0,0
1593016208,s1-eth2,27324.00,1251606.00,1278930.00,1251606,27324,414.00,827.00,1241.00,827,414,0.00,0.00,0,0
1593016208,s6-eth1,0.00,0.00,0.00,0,0,0.00,0.00,0.00,0,0,0.00,0.00,0,0
1593016208,s6-eth3,0.00,0.00,0.00,0,0,0.00,0.00,0.00,0,0,0.00,0.00,0,0
1593016208,s7-eth1,0.00,0.00,0.00,0,0,0.00,0.00,0.00,0,0,0.00,0.00,0,0
1593016208,s7-eth3,0.00,0.00,0.00,0,0,0.00,0.00,0.00,0,0,0.00,0.00,0,0
1593016208,s8-eth1,0.00,0.00,0.00,0,0,0.00,0.00,0.00,0,0,0.00,0.00,0,0
1593016208,eth0,138.00,66.00,204.00,66,138,1.00,1.00,2.00,1,1,0.00,0.00,0,0
1593016208,lo,688.00,688.00,1376.00,688,688,12.00,12.00,24.00,12,12,0.00,0.00,0,0
1593016208,s4-eth3,0.00,0.00,0.00,0,0,0.00,0.00,0.00,0,0,0.00,0.00,0,0
1593016208,s5-eth1,0.00,0.00,0.00,0,0,0.00,0.00,0.00,0,0,0.00,0.00,0,0
1593016208,s5-eth3,0.00,0.00,0.00,0,0,0.00,0.00,0.00,0,0,0.00,0.00,0,0
1593016208,total,1278242.00,1279618.00,2557860.00,1279618,1278242,1253.00,1253.00,2506.00,1253,1253,0.00,0.00,0,0
1593016209,s1-eth1,1250158.00,27390.00,1277548.00,27390,1250158,827.00,415.00,1242.00,415,827,0.00,0.00,0,0
1593016209,s1-eth2,27324.00,1250158.00,1277482.00,1250158,27324,414.00,827.00,1241.00,827,414,0.00,0.00,0,0
1593016209,s6-eth1,0.00,0.00,0.00,0,0,0.00,0.00,0.00,0,0,0.00,0.00,0,0
1593016209,s6-eth3,0.00,0.00,0.00,0,0,0.00,0.00,0.00,0,0,0.00,0.00,0,0
1593016209,s7-eth1,0.00,0.00,0.00,0,0,0.00,0.00,0.00,0,0,0.00,0.00,0,0
1593016209,s7-eth3,0.00,0.00,0.00,0,0,0.00,0.00,0.00,0,0,0.00,0.00,0,0
1593016209,s8-eth1,0.00,0.00,0.00,0,0,0.00,0.00,0.00,0,0,0.00,0.00,0,0
1593016209,eth0,138.00,66.00,204.00,66,138,1.00,1.00,2.00,1,1,0.00,0.00,0,0
1593016209,lo,0.00,0.00,0.00,0,0,0.00,0.00,0.00,0,0,0.00,0.00,0,0
1593016209,s4-eth3,0.00,0.00,0.00,0,0,0.00,0.00,0.00,0,0,0.00,0.00,0,0
1593016209,s5-eth1,0.00,0.00,0.00,0,0,0.00,0.00,0.00,0,0,0.00,0.00,0,0
1593016209,s5-eth3,0.00,0.00,0.00,0,0,0.00,0.00,0.00,0,0,0.00,0.00,0,0
1593016209,total,1277620.00,1277614.00,2555234.00,1277614,1277620,1242.00,1243.00,2485.00,1243,1242,0.00,0.00,0,0
1593016210,s1-eth1,1250158.00,27324.00,1277482.00,27324,1250158,827.00,414.00,1241.00,414,827,0.00,0.00,0,0
1593016210,s1-eth2,27390.00,1250158.00,1277548.00,1250158,27390,415.00,827.00,1242.00,827,415,0.00,0.00,0,0
1593016210,s6-eth1,0.00,0.00,0.00,0,0,0.00,0.00,0.00,0,0,0.00,0.00,0,0
1593016210,s6-eth3,0.00,0.00,0.00,0,0,0.00,0.00,0.00,0,0,0.00,0.00,0,0
1593016210,s7-eth1,0.00,0.00,0.00,0,0,0.00,0.00,0.00,0,0,0.00,0.00,0,0
1593016210,s7-eth3,0.00,0.00,0.00,0,0,0.00,0.00,0.00,0,0,0.00,0.00,0,0
1593016210,s8-eth1,0.00,0.00,0.00,0,0,0.00,0.00,0.00,0,0,0.00,0.00,0,0
1593016210,eth0,138.00,66.00,204.00,66,138,1.00,1.00,2.00,1,1,0.00,0.00,0,0
1593016210,lo,0.00,0.00,0.00,0,0,0.00,0.00,0.00,0,0,0.00,0.00,0,0
1593016210,s4-eth3,0.00,0.00,0.00,0,0,0.00,0.00,0.00,0,0,0.00,0.00,0,0
1593016210,s5-eth1,0.00,0.00,0.00,0,0,0.00,0.00,0.00,0,0,0.00,0.00,0,0
1593016210,s5-eth3,0.00,0.00,0.00,0,0,0.00,0.00,0.00,0,0,0.00,0.00,0,0
1593016210,total,1277686.00,1277548.00,2555234.00,1277548,1277686,1243.00,1242.00,2485.00,1242,1243,0.00,0.00,0,0
1593016211,s1-eth1,1250158.00,27390.00,1277548.00,27390,1250158,827.00,415.00,1242.00,415,827,0.00,0.00,0,0
1593016211,s1-eth2,27324.00,1250158.00,1277482.00,1250158,27324,414.00,827.00,1241.00,827,414,0.00,0.00,0,0
1593016211,s6-eth1,0.00,0.00,0.00,0,0,0.00,0.00,0.00,0,0,0.00,0.00,0,0
1593016211,s6-eth3,0.00,0.00,0.00,0,0,0.00,0.00,0.00,0,0,0.00,0.00,0,0
1593016211,s7-eth1,0.00,0.00,0.00,0,0,0.00,0.00,0.00,0,0,0.00,0.00,0,0
1593016211,s7-eth3,0.00,0.00,0.00,0,0,0.00,0.00,0.00,0,0,0.00,0.00,0,0
1593016211,s8-eth1,0.00,0.00,0.00,0,0,0.00,0.00,0.00,0,0,0.00,0.00,0,0
1593016211,eth0,480.00,408.00,888.00,408,480,2.00,2.00,4.00,2,2,0.00,0.00,0,0
1593016211,lo,0.00,0.00,0.00,0,0,0.00,0.00,0.00,0,0,0.00,0.00,0,0
1593016211,s4-eth3,0.00,0.00,0.00,0,0,0.00,0.00,0.00,0,0,0.00,0.00,0,0
1593016211,s5-eth1,0.00,0.00,0.00,0,0,0.00,0.00,0.00,0,0,0.00,0.00,0,0
1593016211,s5-eth3,0.00,0.00,0.00,0,0,0.00,0.00,0.00,0,0,0.00,0.00,0,0
1593016211,total,1277962.00,1277956.00,2555918.00,1277956,1277962,1243.00,1244.00,2487.00,1244,1243,0.00,0.00,0,0
1593016212,s1-eth1,1246685.25,27280.88,1273966.12,27390,1251672,824.70,413.35,1238.05,415,828,0.00,0.00,0,0
1593016212,s1-eth2,27346.62,1249701.25,1277047.88,1254700,27456,414.34,826.69,1241.04,830,416,0.00,0.00,0,0
1593016212,s6-eth1,0.00,0.00,0.00,0,0,0.00,0.00,0.00,0,0,0.00,0.00,0,0
1593016212,s6-eth3,0.00,0.00,0.00,0,0,0.00,0.00,0.00,0,0,0.00,0.00,0,0
1593016212,s7-eth1,0.00,0.00,0.00,0,0,0.00,0.00,0.00,0,0,0.00,0.00,0,0
1593016212,s7-eth3,0.00,0.00,0.00,0,0,0.00,0.00,0.00,0,0,0.00,0.00,0,0
1593016212,s8-eth1,0.00,0.00,0.00,0,0,0.00,0.00,0.00,0,0,0.00,0.00,0,0
1593016212,eth0,137.45,65.74,203.19,66,138,1.00,1.00,1.99,1,1,0.00,0.00,0,0
1593016212,lo,171.31,171.31,342.63,172,172,2.99,2.99,5.98,3,3,0.00,0.00,0,0
1593016212,s4-eth3,0.00,0.00,0.00,0,0,0.00,0.00,0.00,0,0,0.00,0.00,0,0
1593016212,s5-eth1,0.00,0.00,0.00,0,0,0.00,0.00,0.00,0,0,0.00,0.00,0,0
1593016212,s5-eth3,0.00,0.00,0.00,0,0,0.00,0.00,0.00,0,0,0.00,0.00,0,0
1593016212,total,1274340.62,1277219.12,2551559.75,1282328,1279438,1243.03,1244.02,2487.05,1249,1248,0.00,0.00,0,0
1593016213,s1-eth1,1254766.00,27522.00,1282288.00,27522,1254766,831.00,417.00,1248.00,417,831,0.00,0.00,0,0
1593016213,s1-eth2,27456.00,1251738.00,1279194.00,1251738,27456,416.00,829.00,1245.00,829,416,0.00,0.00,0,0
1593016213,s6-eth1,0.00,0.00,0.00,0,0,0.00,0.00,0.00,0,0,0.00,0.00,0,0
1593016213,s6-eth3,0.00,0.00,0.00,0,0,0.00,0.00,0.00,0,0,0.00,0.00,0,0
1593016213,s7-eth1,0.00,0.00,0.00,0,0,0.00,0.00,0.00,0,0,0.00,0.00,0,0
1593016213,s7-eth3,0.00,0.00,0.00,0,0,0.00,0.00,0.00,0,0,0.00,0.00,0,0
1593016213,s8-eth1,0.00,0.00,0.00,0,0,0.00,0.00,0.00,0,0,0.00,0.00,0,0
1593016213,eth0,138.00,66.00,204.00,66,138,1.00,1.00,2.00,1,1,0.00,0.00,0,0
1593016213,lo,688.00,688.00,1376.00,688,688,12.00,12.00,24.00,12,12,0.00,0.00,0,0
1593016213,s4-eth3,0.00,0.00,0.00,0,0,0.00,0.00,0.00,0,0,0.00,0.00,0,0
1593016213,s5-eth1,0.00,0.00,0.00,0,0,0.00,0.00,0.00,0,0,0.00,0.00,0,0
1593016213,s5-eth3,0.00,0.00,0.00,0,0,0.00,0.00,0.00,0,0,0.00,0.00,0,0
1593016213,total,1283048.00,1280014.00,2563062.00,1280014,1283048,1260.00,1259.00,2519.00,1259,1260,0.00,0.00,0,0
1593016214,s1-eth1,1245550.00,27192.00,1272742.00,27192,1245550,823.00,412.00,1235.00,412,823,0.00,0.00,0,0
1593016214,s1-eth2,27192.00,1250092.00,1277284.00,1250092,27192,412.00,826.00,1238.00,826,412,0.00,0.00,0,0
1593016214,s6-eth1,0.00,0.00,0.00,0,0,0.00,0.00,0.00,0,0,0.00,0.00,0,0
1593016214,s6-eth3,0.00,0.00,0.00,0,0,0.00,0.00,0.00,0,0,0.00,0.00,0,0
1593016214,s7-eth1,0.00,0.00,0.00,0,0,0.00,0.00,0.00,0,0,0.00,0.00,0,0
1593016214,s7-eth3,0.00,0.00,0.00,0,0,0.00,0.00,0.00,0,0,0.00,0.00,0,0
1593016214,s8-eth1,0.00,0.00,0.00,0,0,0.00,0.00,0.00,0,0,0.00,0.00,0,0
1593016214,eth0,138.00,66.00,204.00,66,138,1.00,1.00,2.00,1,1,0.00,0.00,0,0
1593016214,lo,0.00,0.00,0.00,0,0,0.00,0.00,0.00,0,0,0.00,0.00,0,0
1593016214,s4-eth3,0.00,0.00,0.00,0,0,0.00,0.00,0.00,0,0,0.00,0.00,0,0
1593016214,s5-eth1,0.00,0.00,0.00,0,0,0.00,0.00,0.00,0,0,0.00,0.00,0,0
1593016214,s5-eth3,0.00,0.00,0.00,0,0,0.00,0.00,0.00,0,0,0.00,0.00,0,0
1593016214,total,1272880.00,1277350.00,2550230.00,1277350,1272880,1236.00,1239.00,2475.00,1239,1236,0.00,0.00,0,0
1593016215,s1-eth1,1254700.00,27456.00,1282156.00,27456,1254700,830.00,416.00,1246.00,416,830,0.00,0.00,0,0
1593016215,s1-eth2,27456.00,1250158.00,1277614.00,1250158,27456,416.00,827.00,1243.00,827,416,0.00,0.00,0,0
1593016215,s6-eth1,0.00,0.00,0.00,0,0,0.00,0.00,0.00,0,0,0.00,0.00,0,0
1593016215,s6-eth3,0.00,0.00,0.00,0,0,0.00,0.00,0.00,0,0,0.00,0.00,0,0
1593016215,s7-eth1,0.00,0.00,0.00,0,0,0.00,0.00,0.00,0,0,0.00,0.00,0,0
1593016215,s7-eth3,0.00,0.00,0.00,0,0,0.00,0.00,0.00,0,0,0.00,0.00,0,0
1593016215,s8-eth1,0.00,0.00,0.00,0,0,0.00,0.00,0.00,0,0,0.00,0.00,0,0
1593016215,eth0,138.00,66.00,204.00,66,138,1.00,1.00,2.00,1,1,0.00,0.00,0,0
1593016215,lo,0.00,0.00,0.00,0,0,0.00,0.00,0.00,0,0,0.00,0.00,0,0
1593016215,s4-eth3,0.00,0.00,0.00,0,0,0.00,0.00,0.00,0,0,0.00,0.00,0,0
1593016215,s5-eth1,0.00,0.00,0.00,0,0,0.00,0.00,0.00,0,0,0.00,0.00,0,0
1593016215,s5-eth3,0.00,0.00,0.00,0,0,0.00,0.00,0.00,0,0,0.00,0.00,0,0
1593016215,total,1282294.00,1277680.00,2559974.00,1277680,1282294,1247.00,1244.00,2491.00,1244,1247,0.00,0.00,0,0
1593016216,s1-eth1,1245658.00,27300.00,1272958.00,27300,1245658,825.00,414.00,1239.00,414,825,0.00,0.00,0,0
1593016216,s1-eth2,27300.00,1250200.00,1277500.00,1250200,27300,414.00,828.00,1242.00,828,414,0.00,0.00,0,0
1593016216,s6-eth1,0.00,0.00,0.00,0,0,0.00,0.00,0.00,0,0,0.00,0.00,0,0
1593016216,s6-eth3,0.00,0.00,0.00,0,0,0.00,0.00,0.00,0,0,0.00,0.00,0,0
1593016216,s7-eth1,0.00,0.00,0.00,0,0,0.00,0.00,0.00,0,0,0.00,0.00,0,0
1593016216,s7-eth3,0.00,0.00,0.00,0,0,0.00,0.00,0.00,0,0,0.00,0.00,0,0
1593016216,s8-eth1,0.00,0.00,0.00,0,0,0.00,0.00,0.00,0,0,0.00,0.00,0,0
1593016216,eth0,198.00,126.00,324.00,126,198,2.00,2.00,4.00,2,2,0.00,0.00,0,0
1593016216,lo,592.00,592.00,1184.00,592,592,6.00,6.00,12.00,6,6,0.00,0.00,0,0
1593016216,s4-eth3,0.00,0.00,0.00,0,0,0.00,0.00,0.00,0,0,0.00,0.00,0,0
1593016216,s5-eth1,0.00,0.00,0.00,0,0,0.00,0.00,0.00,0,0,0.00,0.00,0,0
1593016216,s5-eth3,0.00,0.00,0.00,0,0,0.00,0.00,0.00,0,0,0.00,0.00,0,0
1593016216,total,1273748.00,1278218.00,2551966.00,1278218,1273748,1247.00,1250.00,2497.00,1250,1247,0.00,0.00,0,0
1593016217,s1-eth1,1256214.00,27456.00,1283670.00,27456,1256214,831.00,416.00,1247.00,416,831,0.00,0.00,0,0
1593016217,s1-eth2,27522.00,1250158.00,1277680.00,1250158,27522,417.00,827.00,1244.00,827,417,0.00,0.00,0,0
1593016217,s6-eth1,0.00,0.00,0.00,0,0,0.00,0.00,0.00,0,0,0.00,0.00,0,0
1593016217,s6-eth3,0.00,0.00,0.00,0,0,0.00,0.00,0.00,0,0,0.00,0.00,0,0
1593016217,s7-eth1,0.00,0.00,0.00,0,0,0.00,0.00,0.00,0,0,0.00,0.00,0,0
1593016217,s7-eth3,0.00,0.00,0.00,0,0,0.00,0.00,0.00,0,0,0.00,0.00,0,0
1593016217,s8-eth1,0.00,0.00,0.00,0,0,0.00,0.00,0.00,0,0,0.00,0.00,0,0
1593016217,eth0,138.00,66.00,204.00,66,138,1.00,1.00,2.00,1,1,0.00,0.00,0,0
1593016217,lo,0.00,0.00,0.00,0,0,0.00,0.00,0.00,0,0,0.00,0.00,0,0
1593016217,s4-eth3,0.00,0.00,0.00,0,0,0.00,0.00,0.00,0,0,0.00,0.00,0,0
1593016217,s5-eth1,0.00,0.00,0.00,0,0,0.00,0.00,0.00,0,0,0.00,0.00,0,0
1593016217,s5-eth3,0.00,0.00,0.00,0,0,0.00,0.00,0.00,0,0,0.00,0.00,0,0
1593016217,total,1283874.00,1277680.00,2561554.00,1277680,1283874,1249.00,1244.00,2493.00,1244,1249,0.00,0.00,0,0
1593016218,s6-eth1,0.00,0.00,0.00,0,0,0.00,0.00,0.00,0,0,0.00,0.00,0,0
1593016218,s6-eth3,0.00,0.00,0.00,0,0,0.00,0.00,0.00,0,0,0.00,0.00,0,0
1593016218,s7-eth1,0.00,0.00,0.00,0,0,0.00,0.00,0.00,0,0,0.00,0.00,0,0
1593016218,s7-eth3,0.00,0.00,0.00,0,0,0.00,0.00,0.00,0,0,0.00,0.00,0,0
1593016218,s8-eth1,0.00,0.00,0.00,0,0,0.00,0.00,0.00,0,0,0.00,0.00,0,0
1593016218,eth0,880.00,528.00,1408.00,528,880,8.00,8.00,16.00,8,8,0.00,0.00,0,0
1593016218,lo,844.00,844.00,1688.00,844,844,15.00,15.00,30.00,15,15,0.00,0.00,0,0
1593016218,s4-eth3,0.00,0.00,0.00,0,0,0.00,0.00,0.00,0,0,0.00,0.00,0,0
1593016218,s5-eth1,0.00,0.00,0.00,0,0,0.00,0.00,0.00,0,0,0.00,0.00,0,0
1593016218,s5-eth3,0.00,0.00,0.00,0,0,0.00,0.00,0.00,0,0,0.00,0.00,0,0
1593016218,total,18446744073709551616.00,18446744073709551616.00,18446744073709551616.00,18446744073671231793,18446744073671232325,18446744073709514752.00,18446744073709514752.00,18446744073709477888.00,18446744073709514253,18446744073709514255,0.00,0.00,0,0
1593016219,s6-eth1,0.00,0.00,0.00,0,0,0.00,0.00,0.00,0,0,0.00,0.00,0,0
1593016219,s6-eth3,0.00,0.00,0.00,0,0,0.00,0.00,0.00,0,0,0.00,0.00,0,0
1593016219,s7-eth1,0.00,0.00,0.00,0,0,0.00,0.00,0.00,0,0,0.00,0.00,0,0
1593016219,s7-eth3,0.00,0.00,0.00,0,0,0.00,0.00,0.00,0,0,0.00,0.00,0,0
1593016219,s8-eth1,0.00,0.00,0.00,0,0,0.00,0.00,0.00,0,0,0.00,0.00,0,0
1593016219,eth0,106.00,66.00,172.00,66,106,1.00,1.00,2.00,1,1,0.00,0.00,0,0
1593016219,lo,0.00,0.00,0.00,0,0,0.00,0.00,0.00,0,0,0.00,0.00,0,0
1593016219,s4-eth3,0.00,0.00,0.00,0,0,0.00,0.00,0.00,