1592992247,s1-eth1,0.00,0.00,0.00,0,0,0.00,0.00,0.00,0,0,0.00,0.00,0,0
1592992247,s1-eth2,0.00,0.00,0.00,0,0,0.00,0.00,0.00,0,0,0.00,0.00,0,0
1592992247,eth0,0.00,0.00,0.00,0,0,0.00,0.00,0.00,0,0,0.00,0.00,0,0
1592992247,lo,0.00,0.00,0.00,0,0,0.00,0.00,0.00,0,0,0.00,0.00,0,0
1592992247,total,0.00,0.00,0.00,0,0,0.00,0.00,0.00,0,0,0.00,0.00,0,0
1592992248,s1-eth1,125036.00,2842.00,127878.00,2842,125036,84.00,43.00,127.00,43,84,0.00,0.00,0,0
1592992248,s1-eth2,2842.00,125036.00,127878.00,125036,2842,43.00,84.00,127.00,84,43,0.00,0.00,0,0
1592992248,eth0,0.00,0.00,0.00,0,0,0.00,0.00,0.00,0,0,0.00,0.00,0,0
1592992248,lo,536.00,536.00,1072.00,536,536,6.00,6.00,12.00,6,6,0.00,0.00,0,0
1592992248,total,128414.00,128414.00,256828.00,128414,128414,133.00,133.00,266.00,133,133,0.00,0.00,0,0
1592992249,s1-eth1,125662.00,2706.00,128368.00,2706,125662,83.00,41.00,124.00,41,83,0.00,0.00,0,0
1592992249,s1-eth2,2706.00,125662.00,128368.00,125662,2706,41.00,83.00,124.00,83,41,0.00,0.00,0,0
1592992249,eth0,402.00,402.00,804.00,402,402,2.00,2.00,4.00,2,2,0.00,0.00,0,0
1592992249,lo,0.00,0.00,0.00,0,0,0.00,0.00,0.00,0,0,0.00,0.00,0,0
1592992249,total,128770.00,128770.00,257540.00,128770,128770,126.00,126.00,252.00,126,126,0.00,0.00,0,0
1592992250,s1-eth1,124270.00,2772.00,127042.00,2772,124270,83.00,42.00,125.00,42,83,0.00,0.00,0,0
1592992250,s1-eth2,2772.00,124270.00,127042.00,124270,2772,42.00,83.00,125.00,83,42,0.00,0.00,0,0
1592992250,eth0,0.00,0.00,0.00,0,0,0.00,0.00,0.00,0,0,0.00,0.00,0,0
1592992250,lo,0.00,0.00,0.00,0,0,0.00,0.00,0.00,0,0,0.00,0.00,0,0
1592992250,total,127042.00,127042.00,254084.00,127042,127042,125.00,125.00,250.00,125,125,0.00,0.00,0,0
1592992251,s1-eth1,125662.00,2772.00,128434.00,2772,125662,83.00,42.00,125.00,42,83,0.00,0.00,0,0
1592992251,s1-eth2,2772.00,125662.00,128434.00,125662,2772,42.00,83.00,125.00,83,42,0.00,0.00,0,0
1592992251,eth0,0.00,0.00,0.00,0,0,0.00,0.00,0.00,0,0,0.00,0.00,0,0
1592992251,lo,0.00,0.00,0.00,0,0,0.00,0.00,0.00,0,0,0.00,0.00,0,0
1592992251,total,128434.00,128434.00,256868.00,128434,128434,125.00,125.00,250.00,125,125,0.00,0.00,0,0
1592992252,s1-eth1,124430.00,2974.00,127404.00,2974,124430,85.00,45.00,130.00,45,85,0.00,0.00,0,0
1592992252,s1-eth2,2974.00,124430.00,127404.00,124430,2974,45.00,85.00,130.00,85,45,0.00,0.00,0,0
1592992252,eth0,0.00,0.00,0.00,0,0,0.00,0.00,0.00,0,0,0.00,0.00,0,0
1592992252,lo,824.00,824.00,1648.00,824,824,9.00,9.00,18.00,9,9,0.00,0.00,0,0
1592992252,total,128228.00,128228.00,256456.00,128228,128228,139.00,139.00,278.00,139,139,0.00,0.00,0,0
1592992253,s1-eth1,125662.00,3126.00,128788.00,3126,125662,83.00,47.00,130.00,47,83,0.00,0.00,0,0
1592992253,s1-eth2,3126.00,125662.00,128788.00,125662,3126,47.00,83.00,130.00,83,47,0.00,0.00,0,0
1592992253,eth0,0.00,0.00,0.00,0,0,0.00,0.00,0.00,0,0,0.00,0.00,0,0
1592992253,lo,288.00,288.00,576.00,288,288,3.00,3.00,6.00,3,3,0.00,0.00,0,0
1592992253,total,129076.00,129076.00,258152.00,129076,129076,133.00,133.00,266.00,133,133,0.00,0.00,0,0
1592992254,s1-eth1,125662.00,2904.00,128566.00,2904,125662,83.00,44.00,127.00,44,83,0.00,0.00,0,0
1592992254,s1-eth2,2904.00,125662.00,128566.00,125662,2904,44.00,83.00,127.00,83,44,0.00,0.00,0,0
1592992254,eth0,0.00,0.00,0.00,0,0,0.00,0.00,0.00,0,0,0.00,0.00,0,0
1592992254,lo,0.00,0.00,0.00,0,0,0.00,0.00,0.00,0,0,0.00,0.00,0,0
1592992254,total,128566.00,128566.00,257132.00,128566,128566,127.00,127.00,254.00,127,127,0.00,0.00,0,0
1592992255,s1-eth1,124148.00,2970.00,127118.00,2970,124148,82.00,45.00,127.00,45,82,0.00,0.00,0,0
1592992255,s1-eth2,2970.00,124148.00,127118.00,124148,2970,45.00,82.00,127.00,82,45,0.00,0.00,0,0
1592992255,eth0,0.00,0.00,0.00,0,0,0.00,0.00,0.00,0,0,0.00,0.00,0,0
1592992255,lo,0.00,0.00,0.00,0,0,0.00,0.00,0.00,0,0,0.00,0.00,0,0
1592992255,total,127118.00,127118.00,254236.00,127118,127118,127.00,127.00,254.00,127,127,0.00,0.00,0,0
1592992256,s1-eth1,125092.00,3106.00,128198.00,3106,125092,84.00,47.00,131.00,47,84,0.00,0.00,0,0
1592992256,s1-eth2,3106.00,125092.00,128198.00,125092,3106,47.00,84.00,131.00,84,47,0.00,0.00,0,0
1592992256,eth0,0.00,0.00,0.00,0,0,0.00,0.00,0.00,0,0,0.00,0.00,0,0
1592992256,lo,536.00,536.00,1072.00,536,536,6.00,6.00,12.00,6,6,0.00,0.00,0,0
1592992256,total,128734.00,128734.00,257468.00,128734,128734,137.00,137.00,274.00,137,137,0.00,0.00,0,0
1592992257,s1-eth1,124966.00,2772.00,127738.00,2772,124966,83.00,42.00,125.00,42,83,0.00,0.00,0,0
1592992257,s1-eth2,2772.00,124966.00,127738.00,124966,2772,42.00,83.00,125.00,83,42,0.00,0.00,0,0
1592992257,eth0,0.00,0.00,0.00,0,0,0.00,0.00,0.00,0,0,0.00,0.00,0,0
1592992257,lo,0.00,0.00,0.00,0,0,0.00,0.00,0.00,0,0,0.00,0.00,0,0
1592992257,total,127738.00,127738.00,255476.00,127738,127738,125.00,125.00,250.00,125,125,0.00,0.00,0,0
1592992258,s1-eth1,124966.00,3234.00,128200.00,3234,124966,83.00,49.00,132.00,49,83,0.00,0.00,0,0
1592992258,s1-eth2,3234.00,124966.00,128200.00,124966,3234,49.00,83.00,132.00,83,49,0.00,0.00,0,0
1592992258,eth0,0.00,0.00,0.00,0,0,0.00,0.00,0.00,0,0,0.00,0.00,0,0
1592992258,lo,0.00,0.00,0.00,0,0,0.00,0.00,0.00,0,0,0.00,0.00,0,0
1592992258,total,128200.00,128200.00,256400.00,128200,128200,132.00,132.00,264.00,132,132,0.00,0.00,0,0
1592992259,s1-eth1,124966.00,2706.00,127672.00,2706,124966,83.00,41.00,124.00,41,83,0.00,0.00,0,0
1592992259,s1-eth2,2706.00,124966.00,127672.00,124966,2706,41.00,83.00,124.00,83,41,0.00,0.00,0,0
1592992259,eth0,0.00,0.00,0.00,0,0,0.00,0.00,0.00,0,0,0.00,0.00,0,0
1592992259,lo,0.00,0.00,0.00,0,0,0.00,0.00,0.00,0,0,0.00,0.00,0,0
1592992259,total,127672.00,127672.00,255344.00,127672,127672,124.00,124.00,248.00,124,124,0.00,0.00,0,0
1592992260,s1-eth1,125662.00,3300.00,128962.00,3300,125662,83.00,50.00,133.00,50,83,0.00,0.00,0,0
1592992260,s1-eth2,3300.00,125662.00,128962.00,125662,3300,50.00,83.00,133.00,83,50,0.00,0.00,0,0
1592992260,eth0,0.00,0.00,0.00,0,0,0.00,0.00,0.00,0,0,0.00,0.00,0,0
1592992260,lo,172.00,172.00,344.00,172,172,3.00,3.00,6.00,3,3,0.00,0.00,0,0
1592992260,total,129134.00,129134.00,258268.00,129134,129134,136.00,136.00,272.00,136,136,0.00,0.00,0,0
1592992261,s1-eth1,124270.00,2772.00,127042.00,2772,124270,83.00,42.00,125.00,42,83,0.00,0.00,0,0
1592992261,s1-eth2,2772.00,125784.00,128556.00,125784,2772,42.00,84.00,126.00,84,42,0.00,0.00,0,0
1592992261,eth0,0.00,0.00,0.00,0,0,0.00,0.00,0.00,0,0,0.00,0.00,0,0
1592992261,lo,0.00,0.00,0.00,0,0,0.00,0.00,0.00,0,0,0.00,0.00,0,0
1592992261,total,127042.00,128556.00,255598.00,128556,127042,125.00,126.00,251.00,126,125,0.00,0.00,0,0
1592992262,s1-eth1,125662.00,2772.00,128434.00,2772,125662,83.00,42.00,125.00,42,83,0.00,0.00,0,0
1592992262,s1-eth2,2772.00,124148.00,126920.00,124148,2772,42.00,82.00,124.00,82,42,0.00,0.00,0,0
1592992262,eth0,0.00,0.00,0.00,0,0,0.00,0.00,0.00,0,0,0.00,0.00,0,0
1592992262,lo,0.00,0.00,0.00,0,0,0.00,0.00,0.00,0,0,0.00,0.00,0,0
1592992262,total,128434.00,126920.00,255354.00,126920,128434,125.00,124.00,249.00,124,125,0.00,0.00,0,0
1592992263,s1-eth1,124270.00,3234.00,127504.00,3234,124270,83.00,49.00,132.00,49,83,0.00,0.00,0,0
1592992263,s1-eth2,3234.00,125784.00,129018.00,125784,3234,49.00,84.00,133.00,84,49,0.00,0.00,0,0
1592992263,eth0,0.00,0.00,0.00,0,0,0.00,0.00,0.00,0,0,0.00,0.00,0,0
1592992263,lo,0.00,0.00,0.00,0,0,0.00,0.00,0.00,0,0,0.00,0.00,0,0
1592992263,total,127504.00,129018.00,256522.00,129018,127504,132.00,133.00,265.00,133,132,0.00,0.00,0,0
1592992264,s1-eth1,125662.00,2772.00,128434.00,2772,125662,83.00,42.00,125.00,42,83,0.00,0.00,0,0
1592992264,s1-eth2,2772.00,124148.00,126920.00,124148,2772,42.00,82.00,124.00,82,42,0.00,0.00,0,0
1592992264,eth0,0.00,0.00,0.00,0,0,0.00,0.00,0.00,0,0,0.00,0.00,0,0
1592992264,lo,0.00,0.00,0.00,0,0,0.00,0.00,0.00,0,0,0.00,0.00,0,0
1592992264,total,128434.00,126920.00,255354.00,126920,128434,125.00,124.00,249.00,124,125,0.00,0.00,0,0
1592992265,s1-eth1,125662.00,2904.00,128566.00,2904,125662,83.00,44.00,127.00,44,83,0.00,0.00,0,0
1592992265,s1-eth2,2904.00,125662.00,128566.00,125662,2904,44.00,83.00,127.00,83,44,0.00,0.00,0,0
1592992265,eth0,0.00,0.00,0.00,0,0,0.00,0.00,0.00,0,0,0.00,0.00,0,0
1592992265,lo,172.00,172.00,344.00,172,172,3.00,3.00,6.00,3,3,0.00,0.00,0,0
1592992265,total,128738.00,128738.00,257476.00,128738,128738,130.00,130.00,260.00,130,130,0.00,0.00,0,0
1592992266,s1-eth1,124270.00,3168.00,127438.00,3168,124270,83.00,48.00,131.00,48,83,0.00,0.00,0,0
1592992266,s1-eth2,3168.00,124270.00,127438.00,124270,3168,48.00,83.00,131.00,83,48,0.00,0.00,0,0
1592992266,eth0,0.00,0.00,0.00,0,0,0.00,0.00,0.00,0,0,0.00,0.00,0,0
1592992266,lo,0.00,0.00,0.00,0,0,0.00,0.00,0.00,0,0,0.00,0.00,0,0
1592992266,total,127438.00,127438.00,254876.00,127438,127438,131.00,131.00,262.00,131,131,0.00,0.00,0,0
1592992267,s1-eth1,125662.00,2772.00,128434.00,2772,125662,83.00,42.00,125.00,42,83,0.00,0.00,0,0
1592992267,s1-eth2,2772.00,125662.00,128434.00,125662,2772,42.00,83.00,125.00,83,42,0.00,0.00,0,0
1592992267,eth0,0.00,0.00,0.00,0,0,0.00,0.00,0.00,0,0,0.00,0.00,0,0
1592992267,lo,0.00,0.00,0.00,0,0,0.00,0.00,0.00,0,0,0.00,0.00,0,0
1592992267,total,128434.00,128434.00,256868.00,128434,128434,125.00,125.00,250.00,125,125,0.00,0.00,0,0
1592992268,s1-eth1,124270.00,2772.00,127042.00,2772,124270,83.00,42.00,125.00,42,83,0.00,0.00,0,0
1592992268,s1-eth2,2772.00,125784.00,128556.00,125784,2772,42.00,84.00,126.00,84,42,0.00,0.00,0,0
1592992268,eth0,0.00,0.00,0.00,0,0,0.00,0.00,0.00,0,0,0.00,0.00,0,0
1592992268,lo,0.00,0.00,0.00,0,0,0.00,0.00,0.00,0,0,0.00,0.00,0,0
1592992268,total,127042.00,128556.00,255598.00,128556,127042,125.00,126.00,251.00,126,125,0.00,0.00,0,0
1592992269,s1-eth1,125662.00,3300.00,128962.00,3300,125662,83.00,50.00,133.00,50,83,0.00,0.00,0,0
1592992269,s1-eth2,3300.00,124148.00,127448.00,124148,3300,50.00,82.00,132.00,82,50,0.00,0.00,0,0
1592992269,eth0,0.00,0.00,0.00,0,0,0.00,0.00,0.00,0,0,0.00,0.00,0,0
1592992269,lo,0.00,0.00,0.00,0,0,0.00,0.00,0.00,0,0,0.00,0.00,0,0
1592992269,total,128962.00,127448.00,256410.00,127448,128962,133.00,132.00,265.00,132,133,0.00,0.00,0,0
1592992270,s1-eth1,125662.00,2706.00,128368.00,2706,125662,83.00,41.00,124.00,41,83,0.00,0.00,0,0
1592992270,s1-eth2,2706.00,125662.00,128368.00,125662,2706,41.00,83.00,124.00,83,41,0.00,0.00,0,0
1592992270,eth0,0.00,0.00,0.00,0,0,0.00,0.00,0.00,0,0,0.00,0.00,0,0
1592992270,lo,172.00,172.00,344.00,172,172,3.00,3.00,6.00,3,3,0.00,0.00,0,0
1592992270,total,128540.00,128540.00,257080.00,128540,128540,127.00,127.00,254.00,127,127,0.00,0.00,0,0
1592992271,s1-eth1,125022.00,2772.00,127794.00,2772,125022,83.00,42.00,125.00,42,83,0.00,0.00,0,0
1592992271,s1-eth2,2772.00,125022.00,127794.00,125022,2772,42.00,83.00,125.00,83,42,0.00,0.00,0,0
1592992271,eth0,0.00,0.00,0.00,0,0,0.00,0.00,0.00,0,0,0.00,0.00,0,0
1592992271,lo,0.00,0.00,0.00,0,0,0.00,0.00,0.00,0,0,0.00,0.00,0,0
1592992271,total,127794.00,127794.00,255588.00,127794,127794,125.00,125.00,250.00,125,125,0.00,0.00,0,0
1592992272,s1-eth1,124148.00,3234.00,127382.00,3234,124148,82.00,49.00,131.00,49,82,0.00,0.00,0,0
1592992272,s1-eth2,3234.00,124148.00,127382.00,124148,3234,49.00,82.00,131.00,82,49,0.00,0.00,0,0
1592992272,eth0,0.00,0.00,0.00,0,0,0.00,0.00,0.00,0,0,0.00,0.00,0,0
1592992272,lo,0.00,0.00,0.00,0,0,0.00,0.00,0.00,0,0,0.00,0.00,0,0
1592992272,total,127382.00,127382.00,254764.00,127382,127382,131.00,131.00,262.00,131,131,0.00,0.00,0,0
1592992273,s1-eth1,125784.00,2772.00,128556.00,2772,125784,84.00,42.00,126.00,42,84,0.00,0.00,0,0
1592992273,s1-eth2,2772.00,125784.00,128556.00,125784,2772,42.00,84.00,126.00,84,42,0.00,0.00,0,0
1592992273,eth0,0.00,0.00,0.00,0,0,0.00,0.00,0.00,0,0,0.00,0.00,0,0
1592992273,lo,0.00,0.00,0.00,0,0,0.00,0.00,0.00,0,0,0.00,0.00,0,0
1592992273,total,128556.00,128556.00,257112.00,128556,128556,126.00,126.00,252.00,126,126,0.00,0.00,0,0
1592992274,s1-eth1,124148.00,2706.00,126854.00,2706,124148,82.00,41.00,123.00,41,82,0.00,0.00,0,0
1592992274,s1-eth2,2706.00,124148.00,126854.00,124148,2706,41.00,82.00,123.00,82,41,0.00,0.00,0,0
1592992274,eth0,0.00,0.00,0.00,0,0,0.00,0.00,0.00,0,0,0.00,0.00,0,0
1592992274,lo,0.00,0.00,0.00,0,0,0.00,0.00,0.00,0,0,0.00,0.00,0,0
1592992274,total,126854.00,126854.00,253708.00,126854,126854,123.00,123.00,246.00,123,123,0.00,0.00,0,0
1592992275,s1-eth1,125784.00,2772.00,128556.00,2772,125784,84.00,42.00,126.00,42,84,0.00,0.00,0,0
1592992275,s1-eth2,2772.00,125784.00,128556.00,125784,2772,42.00,84.00,126.00,84,42,0.00,0.00,0,0
1592992275,eth0,0.00,0.00,0.00,0,0,0.00,0.00,0.00,0,0,0.00,0.00,0,0
1592992275,lo,172.00,172.00,344.00,172,172,3.00,3.00,6.00,3,3,0.00,0.00,0,0
1592992275,total,128728.00,128728.00,257456.00,128728,128728,129.00,129.00,258.00,129,129,0.00,0.00,0,0
1592992276,s1-eth1,125662.00,3498.00,129160.00,3498,125662,83.00,53.00,136.00,53,83,0.00,0.00,0,0
1592992276,s1-eth2,3498.00,125662.00,129160.00,125662,3498,53.00,83.00,136.00,83,53,0.00,0.00,0,0
1592992276,eth0,0.00,0.00,0.00,0,0,0.00,0.00,0.00,0,0,0.00,0.00,0,0
1592992276,lo,0.00,0.00,0.00,0,0,0.00,0.00,0.00,0,0,0.00,0.00,0,0
1592992276,total,129160.00,129160.00,258320.00,129160,129160,136.00,136.00,272.00,136,136,0.00,0.00,0,0
1592992277,s1-eth1,124023.98,2745.25,126769.23,2748,124148,81.92,41.96,123.88,42,82,0.00,0.00,0,0
1592992277,s1-eth2,2745.25,124023.98,126769.23,124148,2748,41.96,81.92,123.88,82,42,0.00,0.00,0,0
1592992277,eth0,0.00,0.00,0.00,0,0,0.00,0.00,0.00,0,0,0.00,0.00,0,0
1592992277,lo,295.70,295.70,591.41,296,296,3.00,3.00,5.99,3,3,0.00,0.00,0,0
1592992277,total,127064.94,127064.94,254129.88,127192,127192,126.87,126.87,253.75,127,127,0.00,0.00,0,0
1592992278,s1-eth1,125662.00,2814.00,128476.00,2814,125662,83.00,43.00,126.00,43,83,0.00,0.00,0,0
1592992278,s1-eth2,2814.00,125662.00,128476.00,125662,2814,43.00,83.00,126.00,83,43,0.00,0.00,0,0
1592992278,eth0,0.00,0.00,0.00,0,0,0.00,0.00,0.00,0,0,0.00,0.00,0,0
1592992278,lo,0.00,0.00,0.00,0,0,0.00,0.00,0.00,0,0,0.00,0.00,0,0
1592992278,total,128476.00,128476.00,256952.00,128476,128476,126.00,126.00,252.00,126,126,0.00,0.00,0,0
1592992279,s1-eth1,124190.00,2706.00,126896.00,2706,124190,83.00,41.00,124.00,41,83,0.00,0.00,0,0
1592992279,s1-eth2,2706.00,124190.00,126896.00,124190,2706,41.00,83.00,124.00,83,41,0.00,0.00,0,0
1592992279,eth0,0.00,0.00,0.00,0,0,0.00,0.00,0.00,0,0,0.00,0.00,0,0
1592992279,lo,0.00,0.00,0.00,0,0,0.00,0.00,0.00,0,0,0.00,0.00,0,0
1592992279,total,126896.00,126896.00,253792.00,126896,126896,124.00,124.00,248.00,124,124,0.00,0.00,0,0
1592992280,s1-eth1,125578.42,2703.30,128281.72,2706,125704,83.92,40.96,124.88,41,84,0.00,0.00,0,0
1592992280,s1-eth2,2703.30,125578.42,128281.72,125704,2706,40.96,83.92,124.88,84,41,0.00,0.00,0,0
1592992280,eth0,0.00,0.00,0.00,0,0,0.00,0.00,0.00,0,0,0.00,0.00,0,0
1592992280,lo,0.00,0.00,0.00,0,0,0.00,0.00,0.00,0,0,0.00,0.00,0,0
1592992280,total,128281.72,128281.72,256563.44,128410,128410,124.88,124.88,249.75,125,125,0.00,0.00,0,0
1592992281,s1-eth1,125536.47,2769.23,128305.70,2772,125662,82.92,41.96,124.88,42,83,0.00,0.00,0,0
1592992281,s1-eth2,2703.30,125536.47,128239.77,125662,2706,40.96,82.92,123.88,83,41,0.00,0.00,0,0
1592992281,eth0,0.00,0.00,0.00,0,0,0.00,0.00,0.00,0,0,0.00,0.00,0,0
1592992281,lo,171.83,171.83,343.66,172,172,3.00,3.00,5.99,3,3,0.00,0.00,0,0
1592992281,total,128411.59,128477.52,256889.12,128606,128540,126.87,127.87,254.75,128,127,0.00,0.00,0,0
1592992282,s1-eth1,124148.00,2706.00,126854.00,2706,124148,82.00,41.00,123.00,41,82,0.00,0.00,0,0
1592992282,s1-eth2,2772.00,124148.00,126920.00,124148,2772,42.00,82.00,124.00,82,42,0.00,0.00,0,0
1592992282,eth0,0.00,0.00,0.00,0,0,0.00,0.00,0.00,0,0,0.00,0.00,0,0
1592992282,lo,0.00,0.00,0.00,0,0,0.00,0.00,0.00,0,0,0.00,0.00,0,0
1592992282,total,126920.00,126854.00,253774.00,126854,126920,124.00,123.00,247.00,123,124,0.00,0.00,0,0
1592992283,s1-eth1,125662.00,2706.00,128368.00,2706,125662,83.00,41.00,124.00,41,83,0.00,0.00,0,0
1592992283,s1-eth2,2706.00,125662.00,128368.00,125662,2706,41.00,83.00,124.00,83,41,0.00,0.00,0,0
1592992283,eth0,0.00,0.00,0.00,0,0,0.00,0.00,0.00,0,0,0.00,0.00,0,0
1592992283,lo,0.00,0.00,0.00,0,0,0.00,0.00,0.00,0,0,0.00,0.00,0,0
1592992283,total,128368.00,128368.00,256736.00,128368,128368,124.00,124.00,248.00,124,124,0.00,0.00,0,0
1592992284,s1-eth1,124313.69,2769.23,127082.92,2772,124438,82.92,41.96,124.88,42,83,0.00,0.00,0,0
1592992284,s1-eth2,2769.23,124313.69,127082.92,124438,2772,41.96,82.92,124.88,83,42,0.00,0.00,0,0
1592992284,eth0,0.00,0.00,0.00,0,0,0.00,0.00,0.00,0,0,0.00,0.00,0,0
1592992284,lo,0.00,0.00,0.00,0,0,0.00,0.00,0.00,0,0,0.00,0.00,0,0
1592992284,total,127082.92,127082.92,254165.84,127210,127210,124.88,124.88,249.75,125,125,0.00,0.00,0,0
1592992285,s1-eth1,125662.00,2706.00,128368.00,2706,125662,83.00,41.00,124.00,41,83,0.00,0.00,0,0
1592992285,s1-eth2,2706.00,125662.00,128368.00,125662,2706,41.00,83.00,124.00,83,41,0.00,0.00,0,0
1592992285,eth0,0.00,0.00,0.00,0,0,0.00,0.00,0.00,0,0,0.00,0.00,0,0
1592992285,lo,0.00,0.00,0.00,0,0,0.00,0.00,0.00,0,0,0.00,0.00,0,0
1592992285,total,128368.00,128368.00,256736.00,128368,128368,124.00,124.00,248.00,124,124,0.00,0.00,0,0
1592992286,s1-eth1,124270.00,2772.00,127042.00,2772,124270,83.00,42.00,125.00,42,83,0.00,0.00,0,0
1592992286,s1-eth2,2772.00,125784.00,128556.00,125784,2772,42.00,84.00,126.00,84,42,0.00,0.00,0,0
1592992286,eth0,0.00,0.00,0.00,0,0,0.00,0.00,0.00,0,0,0.00,0.00,0,0
1592992286,lo,172.00,172.00,344.00,172,172,3.00,3.00,6.00,3,3,0.00,0.00,0,0
1592992286,total,127214.00,128728.00,255942.00,128728,127214,128.00,129.00,257.00,129,128,0.00,0.00,0,0
1592992287,s1-eth1,125662.00,2706.00,128368.00,2706,125662,83.00,41.00,124.00,41,83,0.00,0.00,0,0
1592992287,s1-eth2,2706.00,124148.00,126854.00,124148,2706,41.00,82.00,123.00,82,41,0.00,0.00,0,0
1592992287,eth0,0.00,0.00,0.00,0,0,0.00,0.00,0.00,0,0,0.00,0.00,0,0
1592992287,lo,0.00,0.00,0.00,0,0,0.00,0.00,0.00,0,0,0.00,0.00,0,0
1592992287,total,128368.00,126854.00,255222.00,126854,128368,124.00,123.00,247.00,123,124,0.00,0.00,0,0
1592992288,s1-eth1,125536.47,2769.23,128305.70,2772,125662,82.92,41.96,124.88,42,83,0.00,0.00,0,0
1592992288,s1-eth2,2769.23,125536.47,128305.70,125662,2772,41.96,82.92,124.88,83,42,0.00,0.00,0,0
1592992288,eth0,0.00,0.00,0.00,0,0,0.00,0.00,0.00,0,0,0.00,0.00,0,0
1592992288,lo,0.00,0.00,0.00,0,0,0.00,0.00,0.00,0,0,0.00,0.00,0,0
1592992288,total,128305.70,128305.70,256611.39,128434,128434,124.88,124.88,249.75,125,125,0.00,0.00,0,0
1592992289,s1-eth1,124148.00,2706.00,126854.00,2706,124148,82.00,41.00,123.00,41,82,0.00,0.00,0,0
1592992289,s1-eth2,2706.00,124148.00,126854.00,124148,2706,41.00,82.00,123.00,82,41,0.00,0.00,0,0
1592992289,eth0,0.00,0.00,0.00,0,0,0.00,0.00,0.00,0,0,0.00,0.00,0,0
1592992289,lo,0.00,0.00,0.00,0,0,0.00,0.00,0.00,0,0,0.00,0.00,0,0
1592992289,total,126854.00,126854.00,253708.00,126854,126854,123.00,123.00,246.00,123,123,0.00,0.00,0,0
1592992290,s1-eth1,125022.00,2706.00,127728.00,2706,125022,83.00,41.00,124.00,41,83,0.00,0.00,0,0
1592992290,s1-eth2,2706.00,125022.00,127728.00,125022,2706,41.00,83.00,124.00,83,41,0.00,0.00,0,0
1592992290,eth0,0.00,0.00,0.00,0,0,0.00,0.00,0.00,0,0,0.00,0.00,0,0
1592992290,lo,0.00,0.00,0.00,0,0,0.00,0.00,0.00,0,0,0.00,0.00,0,0
1592992290,total,127728.00,127728.00,255456.00,127728,127728,124.00,124.00,248.00,124,124,0.00,0.00,0,0
1592992291,s1-eth1,125662.00,2772.00,128434.00,2772,125662,83.00,42.00,125.00,42,83,0.00,0.00,0,0
1592992291,s1-eth2,2772.00,125662.00,128434.00,125662,2772,42.00,83.00,125.00,83,42,0.00,0.00,0,0
1592992291,eth0,0.00,0.00,0.00,0,0,0.00,0.00,0.00,0,0,0.00,0.00,0,0
1592992291,lo,172.00,172.00,344.00,172,172,3.00,3.00,6.00,3,3,0.00,0.00,0,0
1592992291,total,128606.00,128606.00,257212.00,128606,128606,128.00,128.00,256.00,128,128,0.00,0.00,0,0
1592992292,s1-eth1,125662.00,2706.00,128368.00,2706,125662,83.00,41.00,124.00,41,83,0.00,0.00,0,0
1592992292,s1-eth2,2706.00,125662.00,128368.00,125662,2706,41.00,83.00,124.00,83,41,0.00,0.00,0,0
1592992292,eth0,0.00,0.00,0.00,0,0,0.00,0.00,0.00,0,0,0.00,0.00,0,0
1592992292,lo,0.00,0.00,0.00,0,0,0.00,0.00,0.00,0,0,0.00,0.00,0,0
1592992292,total,128368.00,128368.00,256736.00,128368,128368,124.00,124.00,248.00,124,124,0.00,0.00,0,0
1592992293,s1-eth1,124023.98,2703.30,126727.27,2706,124148,81.92,40.96,122.88,41,82,0.00,0.00,0,0
1592992293,s1-eth2,2703.30,124023.98,126727.27,124148,2706,40.96,81.92,122.88,82,41,0.00,0.00,0,0
1592992293,eth0,0.00,0.00,0.00,0,0,0.00,0.00,0.00,0,0,0.00,0.00,0,0
1592992293,lo,0.00,0.00,0.00,0,0,0.00,0.00,0.00,0,0,0.00,0.00,0,0
1592992293,total,126727.27,126727.27,253454.55,126854,126854,122.88,122.88,245.75,123,123,0.00,0.00,0,0
1592992294,s1-eth1,125840.00,2838.00,128678.00,2838,125840,84.00,43.00,127.00,43,84,0.00,0.00,0,0
1592992294,s1-eth2,2838.00,125840.00,128678.00,125840,2838,43.00,84.00,127.00,84,43,0.00,0.00,0,0
1592992294,eth0,0.00,0.00,0.00,0,0,0.00,0.00,0.00,0,0,0.00,0.00,0,0
1592992294,lo,0.00,0.00,0.00,0,0,0.00,0.00,0.00,0,0,0.00,0.00,0,0
1592992294,total,128678.00,128678.00,257356.00,128678,128678,127.00,127.00,254.00,127,127,0.00,0.00,0,0
1592992295,s1-eth1,124023.98,2703.30,126727.27,2706,124148,81.92,40.96,122.88,41,82,0.00,0.00,0,0
1592992295,s1-eth2,2703.30,125536.47,128239.77,125662,2706,40.96,82.92,123.88,83,41,0.00,0.00,0,0
1592992295,eth0,0.00,0.00,0.00,0,0,0.00,0.00,0.00,0,0,0.00,0.00,0,0
1592992295,lo,0.00,0.00,0.00,0,0,0.00,0.00,0.00,0,0,0.00,0.00,0,0
1592992295,total,126727.27,128239.77,254967.05,128368,126854,122.88,123.88,246.75,124,123,0.00,0.00,0,0
1592992296,s1-eth1,125662.00,2706.00,128368.00,2706,125662,83.00,41.00,124.00,41,83,0.00,0.00,0,0
1592992296,s1-eth2,2706.00,124148.00,126854.00,124148,2706,41.00,82.00,123.00,82,41,0.00,0.00,0,0
1592992296,eth0,0.00,0.00,0.00,0,0,0.00,0.00,0.00,0,0,0.00,0.00,0,0
1592992296,lo,172.00,172.00,344.00,172,172,3.00,3.00,6.00,3,3,0.00,0.00,0,0
1592992296,total,128540.00,127026.00,255566.00,127026,128540,127.00,126.00,253.00,126,127,0.00,0.00,0,0
1592992297,s1-eth1,125662.00,2772.00,128434.00,2772,125662,83.00,42.00,125.00,42,83,0.00,0.00,0,0
1592992297,s1-eth2,2706.00,125662.00,128368.00,125662,2706,41.00,83.00,124.00,83,41,0.00,0.00,0,0
1592992297,eth0,0.00,0.00,0.00,0,0,0.00,0.00,0.00,0,0,0.00,0.00,0,0
1592992297,lo,0.00,0.00,0.00,0,0,0.00,0.00,0.00,0,0,0.00,0.00,0,0
1592992297,total,128368.00,128434.00,256802.00,128434,128368,124.00,125.00,249.00,125,124,0.00,0.00,0,0
1592992298,s1-eth1,124023.98,2703.30,126727.27,2706,124148,81.92,40.96,122.88,41,82,0.00,0.00,0,0
1592992298,s1-eth2,2769.23,124023.98,126793.21,124148,2772,41.96,81.92,123.88,82,42,0.00,0.00,0,0
1592992298,eth0,0.00,0.00,0.00,0,0,0.00,0.00,0.00,0,0,0.00,0.00,0,0
1592992298,lo,0.00,0.00,0.00,0,0,0.00,0.00,0.00,0,0,0.00,0.00,0,0
1592992298,total,126793.21,126727.27,253520.48,126854,126920,123.88,122.88,246.75,123,124,0.00,0.00,0,0
1592992299,s1-eth1,125662.00,2706.00,128368.00,2706,125662,83.00,41.00,124.00,41,83,0.00,0.00,0,0
1592992299,s1-eth2,2706.00,125662.00,128368.00,125662,2706,41.00,83.00,124.00,83,41,0.00,0.00,0,0
1592992299,eth0,0.00,0.00,0.00,0,0,0.00,0.00,0.00,0,0,0.00,0.00,0,0
1592992299,lo,0.00,0.00,0.00,0,0,0.00,0.00,0.00,0,0,0.00,0.00,0,0
1592992299,total,128368.00,128368.00,256736.00,128368,128368,124.00,124.00,248.00,124,124,0.00,0.00,0,0
1592992300,s1-eth1,125078.00,2772.00,127850.00,2772,125078,83.00,42.00,125.00,42,83,0.00,0.00,0,0
1592992300,s1-eth2,2772.00,125078.00,127850.00,125078,2772,42.00,83.00,125.00,83,42,0.00,0.00,0,0
1592992300,eth0,0.00,0.00,0.00,0,0,0.00,0.00,0.00,0,0,0.00,0.00,0,0
1592992300,lo,0.00,0.00,0.00,0,0,0.00,0.00,0.00,0,0,0.00,0.00,0,0
1592992300,total,127850.00,127850.00,255700.00,127850,127850,125.00,125.00,250.00,125,125,0.00,0.00,0,0
1592992301,s1-eth1,125536.47,2703.30,128239.77,2706,125662,82.92,40.96,123.88,41,83,0.00,0.00,0,0
1592992301,s1-eth2,2703.30,125536.47,128239.77,125662,2706,40.96,82.92,123.88,83,41,0.00,0.00,0,0
1592992301,eth0,0.00,0.00,0.00,0,0,0.00,0.00,0.00,0,0,0.00,0.00,0,0
1592992301,lo,171.83,171.83,343.66,172,172,3.00,3.00,5.99,3,3,0.00,0.00,0,0
1592992301,total,128411.59,128411.59,256823.19,128540,128540,126.87,126.87,253.75,127,127,0.00,0.00,0,0
1592992302,s1-eth1,124148.00,2838.00,126986.00,2838,124148,82.00,43.00,125.00,43,82,0.00,0.00,0,0
1592992302,s1-eth2,2838.00,124148.00,126986.00,124148,2838,43.00,82.00,125.00,82,43,0.00,0.00,0,0
1592992302,eth0,0.00,0.00,0.00,0,0,0.00,0.00,0.00,0,0,0.00,0.00,0,0
1592992302,lo,0.00,0.00,0.00,0,0,0.00,0.00,0.00,0,0,0.00,0.00,0,0
1592992302,total,126986.00,126986.00,253972.00,126986,126986,125.00,125.00,250.00,125,125,0.00,0.00,0,0
1592992303,s1-eth1,125662.00,2772.00,128434.00,2772,125662,83.00,42.00,125.00,42,83,0.00,0.00,0,0
1592992303,s1-eth2,2772.00,125662.00,128434.00,125662,2772,42.00,83.00,125.00,83,42,0.00,0.00,0,0
1592992303,eth0,0.00,0.00,0.00,0,0,0.00,0.00,0.00,0,0,0.00,0.00,0,0
1592992303,lo,0.00,0.00,0.00,0,0,0.00,0.00,0.00,0,0,0.00,0.00,0,0
1592992303,total,128434.00,128434.00,256868.00,128434,128434,125.00,125.00,250.00,125,125,0.00,0.00,0,0
1592992304,s1-eth1,124326.00,2706.00,127032.00,2706,124326,83.00,41.00,124.00,41,83,0.00,0.00,0,0
1592992304,s1-eth2,2706.00,124326.00,127032.00,124326,2706,41.00,83.00,124.00,83,41,0.00,0.00,0,0
1592992304,eth0,0.00,0.00,0.00,0,0,0.00,0.00,0.00,0,0,0.00,0.00,0,0
1592992304,lo,0.00,0.00,0.00,0,0,0.00,0.00,0.00,0,0,0.00,0.00,0,0
1592992304,total,127032.00,127032.00,254064.00,127032,127032,124.00,124.00,248.00,124,124,0.00,0.00,0,0
1592992305,s1-eth1,125662.00,2772.00,128434.00,2772,125662,83.00,42.00,125.00,42,83,0.00,0.00,0,0
1592992305,s1-eth2,2772.00,125662.00,128434.00,125662,2772,42.00,83.00,125.00,83,42,0.00,0.00,0,0
1592992305,eth0,0.00,0.00,0.00,0,0,0.00,0.00,0.00,0,0,0.00,0.00,0,0
1592992305,lo,0.00,0.00,0.00,0,0,0.00,0.00,0.00,0,0,0.00,0.00,0,0
1592992305,total,128434.00,128434.00,256868.00,128434,128434,125.00,125.00,250.00,125,125,0.00,0.00,0,0
1592992306,s1-eth1,124148.00,2706.00,126854.00,2706,124148,82.00,41.00,123.00,41,82,0.00,0.00,0,0
1592992306,s1-eth2,2706.00,125662.00,128368.00,125662,2706,41.00,83.00,124.00,83,41,0.00,0.00,0,0
1592992306,eth0,0.00,0.00,0.00,0,0,0.00,0.00,0.00,0,0,0.00,0.00,0,0
1592992306,lo,172.00,172.00,344.00,172,172,3.00,3.00,6.00,3,3,0.00,0.00,0,0
1592992306,total,127026.00,128540.00,255566.00,128540,127026,126.00,127.00,253.00,127,126,0.00,0.00,0,0
1592992307,s1-eth1,125662.00,2706.00,128368.00,2706,125662,83.00,41.00,124.00,41,83,0.00,0.00,0,0
1592992307,s1-eth2,2706.00,124148.00,126854.00,124148,2706,41.00,82.00,123.00,82,41,0.00,0.00,0,0
1592992307,eth0,0.00,0.00,0.00,0,0,0.00,0.00,0.00,0,0,0.00,0.00,0,0
1592992307,lo,0.00,0.00,0.00,0,0,0.00,0.00,0.00,0,0,0.00,0.00,0,0
1592992307,total,128368.00,126854.00,255222.00,126854,128368,124.00,123.00,247.00,123,124,0.00,0.00,0,0
1592992308,s1-eth1,125840.00,2772.00,128612.00,2772,125840,84.00,42.00,126.00,42,84,0.00,0.00,0,0
1592992308,s1-eth2,2772.00,125840.00,128612.00,125840,2772,42.00,84.00,126.00,84,42,0.00,0.00,0,0
1592992308,eth0,0.00,0.00,0.00,0,0,0.00,0.00,0.00,0,0,0.00,0.00,0,0
1592992308,lo,0.00,0.00,0.00,0,0,0.00,0.00,0.00,0,0,0.00,0.00,0,0
1592992308,total,128612.00,128612.00,257224.00,128612,128612,126.00,126.00,252.00,126,126,0.00,0.00,0,0
1592992309,s1-eth1,124148.00,2772.00,126920.00,2772,124148,82.00,42.00,124.00,42,82,0.00,0.00,0,0
1592992309,s1-eth2,2772.00,124148.00,126920.00,124148,2772,42.00,82.00,124.00,82,42,0.00,0.00,0,0
1592992309,eth0,342.00,342.00,684.00,342,342,1.00,1.00,2.00,1,1,0.00,0.00,0,0
1592992309,lo,0.00,0.00,0.00,0,0,0.00,0.00,0.00,0,0,0.00,0.00,0,0
1592992309,total,127262.00,127262.00,254524.00,127262,127262,125.00,125.00,250.00,125,125,0.00,0.00,0,0
1592992310,s1-eth1,122618.77,2742.52,125361.28,2748,122864,83.83,41.92,125.75,42,84,0.00,0.00,0,0
1592992310,s1-eth2,2676.65,122618.77,125295.41,122864,2682,40.92,83.83,124.75,84,41,0.00,0.00,0,0
1592992310,eth0,0.00,0.00,0.00,0,0,0.00,0.00,0.00,0,0,0.00,0.00,0,0
1592992310,lo,0.00,0.00,0.00,0,0,0.00,0.00,0.00,0,0,0.00,0.00,0,0
1592992310,total,125295.41,125361.28,250656.69,125612,125546,124.75,125.75,250.50,126,125,0.00,0.00,0,0
1592992311,s1-eth1,66.00,132.00,198.00,132,66,1.00,2.00,3.00,2,1,0.00,0.00,0,0
1592992311,s1-eth2,198.00,66.00,264.00,66,198,3.00,1.00,4.00,1,3,0.00,0.00,0,0
1592992311,eth0,0.00,0.00,0.00,0,0,0.00,0.00,0.00,0,0,0.00,0.00,0,0
1592992311,lo,172.00,172.00,344.00,172,172,3.00,3.00,6.00,3,3,0.00,0.00,0,0
1592992311,total,436.00,370.00,806.00,370,436,7.00,6.00,13.00,6,7,0.00,0.00,0,0
1592992312,s1-eth1,0.00,0.00,0.00,0,0,0.00,0.00,0.00,0,0,0.00,0.00,0,0
1592992312,s1-eth2,0.00,0.00,0.00,0,0,0.00,0.00,0.00,0,0,0.00,0.00,0,0
1592992312,eth0,0.00,0.00,0.00,0,0,0.00,0.00,0.00,0,0,0.00,0.00,0,0
1592992312,lo,0.00,0.00,0.00,0,0,0.00,0.00,0.00,0,0,0.00,0.00,0,0
1592992312,total,0.00,0.00,0.00,0,0,0.00,0.00,0.00,0,0,0.00,0.00,0,0
1592992313,s1-eth1,0.00,0.00,0.00,0,0,0.00,0.00,0.00,0,0,0.00,0.00,0,0
1592992313,