1592995482,s1-eth1,0.00,0.00,0.00,0,0,0.00,0.00,0.00,0,0,0.00,0.00,0,0
1592995482,s1-eth2,0.00,0.00,0.00,0,0,0.00,0.00,0.00,0,0,0.00,0.00,0,0
1592995482,s2-eth1,0.00,0.00,0.00,0,0,0.00,0.00,0.00,0,0,0.00,0.00,0,0
1592995482,s2-eth2,0.00,0.00,0.00,0,0,0.00,0.00,0.00,0,0,0.00,0.00,0,0
1592995482,s3-eth1,0.00,0.00,0.00,0,0,0.00,0.00,0.00,0,0,0.00,0.00,0,0
1592995482,s3-eth2,0.00,0.00,0.00,0,0,0.00,0.00,0.00,0,0,0.00,0.00,0,0
1592995482,eth0,0.00,0.00,0.00,0,0,0.00,0.00,0.00,0,0,0.00,0.00,0,0
1592995482,lo,0.00,0.00,0.00,0,0,0.00,0.00,0.00,0,0,0.00,0.00,0,0
1592995482,total,0.00,0.00,0.00,0,0,0.00,0.00,0.00,0,0,0.00,0.00,0,0
1592995483,s1-eth1,126550.00,2970.00,129520.00,2970,126550,85.00,45.00,130.00,45,85,0.00,0.00,0,0
1592995483,s1-eth2,2970.00,126550.00,129520.00,126550,2970,45.00,85.00,130.00,85,45,0.00,0.00,0,0
1592995483,s2-eth1,126550.00,2970.00,129520.00,2970,126550,85.00,45.00,130.00,45,85,0.00,0.00,0,0
1592995483,s2-eth2,3036.00,125036.00,128072.00,125036,3036,46.00,84.00,130.00,84,46,0.00,0.00,0,0
1592995483,s3-eth1,125036.00,3036.00,128072.00,3036,125036,84.00,46.00,130.00,46,84,0.00,0.00,0,0
1592995483,s3-eth2,3036.00,125036.00,128072.00,125036,3036,46.00,84.00,130.00,84,46,0.00,0.00,0,0
1592995483,eth0,0.00,462.00,462.00,462,0,0.00,3.00,3.00,3,0,0.00,0.00,0,0
1592995483,lo,804.00,804.00,1608.00,804,804,9.00,9.00,18.00,9,9,0.00,0.00,0,0
1592995483,total,387982.00,386864.00,774846.00,386864,387982,400.00,401.00,801.00,401,400,0.00,0.00,0,0
1592995484,s1-eth1,124148.00,2706.00,126854.00,2706,124148,82.00,41.00,123.00,41,82,0.00,0.00,0,0
1592995484,s1-eth2,2772.00,124148.00,126920.00,124148,2772,42.00,82.00,124.00,82,42,0.00,0.00,0,0
1592995484,s2-eth1,124148.00,2772.00,126920.00,2772,124148,82.00,42.00,124.00,42,82,0.00,0.00,0,0
1592995484,s2-eth2,2706.00,125662.00,128368.00,125662,2706,41.00,83.00,124.00,83,41,0.00,0.00,0,0
1592995484,s3-eth1,125662.00,2706.00,128368.00,2706,125662,83.00,41.00,124.00,41,83,0.00,0.00,0,0
1592995484,s3-eth2,2772.00,125662.00,128434.00,125662,2772,42.00,83.00,125.00,83,42,0.00,0.00,0,0
1592995484,eth0,0.00,60.00,60.00,60,0,0.00,1.00,1.00,1,0,0.00,0.00,0,0
1592995484,lo,0.00,0.00,0.00,0,0,0.00,0.00,0.00,0,0,0.00,0.00,0,0
1592995484,total,382208.00,383716.00,765924.00,383716,382208,372.00,373.00,745.00,373,372,0.00,0.00,0,0
1592995485,s1-eth1,125784.00,2838.00,128622.00,2838,125784,84.00,43.00,127.00,43,84,0.00,0.00,0,0
1592995485,s1-eth2,2838.00,125784.00,128622.00,125784,2838,43.00,84.00,127.00,84,43,0.00,0.00,0,0
1592995485,s2-eth1,125784.00,2838.00,128622.00,2838,125784,84.00,43.00,127.00,43,84,0.00,0.00,0,0
1592995485,s2-eth2,2838.00,125784.00,128622.00,125784,2838,43.00,84.00,127.00,84,43,0.00,0.00,0,0
1592995485,s3-eth1,125784.00,2838.00,128622.00,2838,125784,84.00,43.00,127.00,43,84,0.00,0.00,0,0
1592995485,s3-eth2,2838.00,124270.00,127108.00,124270,2838,43.00,83.00,126.00,83,43,0.00,0.00,0,0
1592995485,eth0,0.00,0.00,0.00,0,0,0.00,0.00,0.00,0,0,0.00,0.00,0,0
1592995485,lo,0.00,0.00,0.00,0,0,0.00,0.00,0.00,0,0,0.00,0.00,0,0
1592995485,total,385866.00,384352.00,770218.00,384352,385866,381.00,380.00,761.00,380,381,0.00,0.00,0,0
1592995486,s1-eth1,124966.00,2974.00,127940.00,2974,124966,83.00,45.00,128.00,45,83,0.00,0.00,0,0
1592995486,s1-eth2,2974.00,124966.00,127940.00,124966,2974,45.00,83.00,128.00,83,45,0.00,0.00,0,0
1592995486,s2-eth1,124966.00,2974.00,127940.00,2974,124966,83.00,45.00,128.00,45,83,0.00,0.00,0,0
1592995486,s2-eth2,2974.00,124966.00,127940.00,124966,2974,45.00,83.00,128.00,83,45,0.00,0.00,0,0
1592995486,s3-eth1,124966.00,2974.00,127940.00,2974,124966,83.00,45.00,128.00,45,83,0.00,0.00,0,0
1592995486,s3-eth2,2974.00,124966.00,127940.00,124966,2974,45.00,83.00,128.00,83,45,0.00,0.00,0,0
1592995486,eth0,0.00,0.00,0.00,0,0,0.00,0.00,0.00,0,0,0.00,0.00,0,0
1592995486,lo,804.00,804.00,1608.00,804,804,9.00,9.00,18.00,9,9,0.00,0.00,0,0
1592995486,total,384624.00,384624.00,769248.00,384624,384624,393.00,393.00,786.00,393,393,0.00,0.00,0,0
1592995487,s1-eth1,124148.00,2904.00,127052.00,2904,124148,82.00,44.00,126.00,44,82,0.00,0.00,0,0
1592995487,s1-eth2,2838.00,124148.00,126986.00,124148,2838,43.00,82.00,125.00,82,43,0.00,0.00,0,0
1592995487,s2-eth1,124148.00,2838.00,126986.00,2838,124148,82.00,43.00,125.00,43,82,0.00,0.00,0,0
1592995487,s2-eth2,2904.00,124148.00,127052.00,124148,2904,44.00,82.00,126.00,82,44,0.00,0.00,0,0
1592995487,s3-eth1,124148.00,2904.00,127052.00,2904,124148,82.00,44.00,126.00,44,82,0.00,0.00,0,0
1592995487,s3-eth2,2838.00,125662.00,128500.00,125662,2838,43.00,83.00,126.00,83,43,0.00,0.00,0,0
1592995487,eth0,0.00,0.00,0.00,0,0,0.00,0.00,0.00,0,0,0.00,0.00,0,0
1592995487,lo,0.00,0.00,0.00,0,0,0.00,0.00,0.00,0,0,0.00,0.00,0,0
1592995487,total,381024.00,382604.00,763628.00,382604,381024,376.00,378.00,754.00,378,376,0.00,0.00,0,0
1592995488,s1-eth1,125854.00,3036.00,128890.00,3036,125854,85.00,46.00,131.00,46,85,0.00,0.00,0,0
1592995488,s1-eth2,3102.00,125854.00,128956.00,125854,3102,47.00,85.00,132.00,85,47,0.00,0.00,0,0
1592995488,s2-eth1,125854.00,3102.00,128956.00,3102,125854,85.00,47.00,132.00,47,85,0.00,0.00,0,0
1592995488,s2-eth2,3036.00,125854.00,128890.00,125854,3036,46.00,85.00,131.00,85,46,0.00,0.00,0,0
1592995488,s3-eth1,125854.00,3036.00,128890.00,3036,125854,85.00,46.00,131.00,46,85,0.00,0.00,0,0
1592995488,s3-eth2,3102.00,125854.00,128956.00,125854,3102,47.00,85.00,132.00,85,47,0.00,0.00,0,0
1592995488,eth0,0.00,0.00,0.00,0,0,0.00,0.00,0.00,0,0,0.00,0.00,0,0
1592995488,lo,804.00,804.00,1608.00,804,804,9.00,9.00,18.00,9,9,0.00,0.00,0,0
1592995488,total,387606.00,387540.00,775146.00,387540,387606,404.00,403.00,807.00,403,404,0.00,0.00,0,0
1592995489,s1-eth1,124966.00,3102.00,128068.00,3102,124966,83.00,47.00,130.00,47,83,0.00,0.00,0,0
1592995489,s1-eth2,3036.00,124966.00,128002.00,124966,3036,46.00,83.00,129.00,83,46,0.00,0.00,0,0
1592995489,s2-eth1,124966.00,3036.00,128002.00,3036,124966,83.00,46.00,129.00,46,83,0.00,0.00,0,0
1592995489,s2-eth2,3102.00,124966.00,128068.00,124966,3102,47.00,83.00,130.00,83,47,0.00,0.00,0,0
1592995489,s3-eth1,124966.00,3102.00,128068.00,3102,124966,83.00,47.00,130.00,47,83,0.00,0.00,0,0
1592995489,s3-eth2,3102.00,124966.00,128068.00,124966,3102,47.00,83.00,130.00,83,47,0.00,0.00,0,0
1592995489,eth0,0.00,0.00,0.00,0,0,0.00,0.00,0.00,0,0,0.00,0.00,0,0
1592995489,lo,0.00,0.00,0.00,0,0,0.00,0.00,0.00,0,0,0.00,0.00,0,0
1592995489,total,384138.00,384138.00,768276.00,384138,384138,389.00,389.00,778.00,389,389,0.00,0.00,0,0
1592995490,s1-eth1,124966.00,2776.00,127742.00,2776,124966,83.00,42.00,125.00,42,83,0.00,0.00,0,0
1592995490,s1-eth2,2842.00,124966.00,127808.00,124966,2842,43.00,83.00,126.00,83,43,0.00,0.00,0,0
1592995490,s2-eth1,124966.00,2842.00,127808.00,2842,124966,83.00,43.00,126.00,43,83,0.00,0.00,0,0
1592995490,s2-eth2,2842.00,124966.00,127808.00,124966,2842,43.00,83.00,126.00,83,43,0.00,0.00,0,0
1592995490,s3-eth1,124966.00,2842.00,127808.00,2842,124966,83.00,43.00,126.00,43,83,0.00,0.00,0,0
1592995490,s3-eth2,2776.00,124966.00,127742.00,124966,2776,42.00,83.00,125.00,83,42,0.00,0.00,0,0
1592995490,eth0,0.00,0.00,0.00,0,0,0.00,0.00,0.00,0,0,0.00,0.00,0,0
1592995490,lo,804.00,804.00,1608.00,804,804,9.00,9.00,18.00,9,9,0.00,0.00,0,0
1592995490,total,384162.00,384162.00,768324.00,384162,384162,386.00,386.00,772.00,386,386,0.00,0.00,0,0
1592995491,s1-eth1,125752.00,3102.00,128854.00,3102,125752,84.00,47.00,131.00,47,84,0.00,0.00,0,0
1592995491,s1-eth2,3102.00,125752.00,128854.00,125752,3102,47.00,84.00,131.00,84,47,0.00,0.00,0,0
1592995491,s2-eth1,125752.00,3102.00,128854.00,3102,125752,84.00,47.00,131.00,47,84,0.00,0.00,0,0
1592995491,s2-eth2,3036.00,124238.00,127274.00,124238,3036,46.00,83.00,129.00,83,46,0.00,0.00,0,0
1592995491,s3-eth1,124238.00,3036.00,127274.00,3036,124238,83.00,46.00,129.00,46,83,0.00,0.00,0,0
1592995491,s3-eth2,3102.00,124238.00,127340.00,124238,3102,47.00,83.00,130.00,83,47,0.00,0.00,0,0
1592995491,eth0,0.00,0.00,0.00,0,0,0.00,0.00,0.00,0,0,0.00,0.00,0,0
1592995491,lo,864.00,864.00,1728.00,864,864,9.00,9.00,18.00,9,9,0.00,0.00,0,0
1592995491,total,385846.00,384332.00,770178.00,384332,385846,400.00,399.00,799.00,399,400,0.00,0.00,0,0
1592995492,s1-eth1,124093.91,2769.23,126863.14,2772,124218,82.92,41.96,124.88,42,83,0.00,0.00,0,0
1592995492,s1-eth2,2703.30,124093.91,126797.20,124218,2706,40.96,82.92,123.88,83,41,0.00,0.00,0,0
1592995492,s2-eth1,124093.91,2703.30,126797.20,2706,124218,82.92,40.96,123.88,41,83,0.00,0.00,0,0
1592995492,s2-eth2,2769.23,125606.40,128375.62,125732,2772,41.96,83.92,125.87,84,42,0.00,0.00,0,0
1592995492,s3-eth1,125606.40,2769.23,128375.62,2772,125732,83.92,41.96,125.87,42,84,0.00,0.00,0,0
1592995492,s3-eth2,2703.30,125606.40,128309.70,125732,2706,40.96,83.92,124.88,84,41,0.00,0.00,0,0
1592995492,eth0,0.00,0.00,0.00,0,0,0.00,0.00,0.00,0,0,0.00,0.00,0,0
1592995492,lo,803.20,803.20,1606.39,804,804,8.99,8.99,17.98,9,9,0.00,0.00,0,0
1592995492,total,382773.25,384351.66,767124.88,384736,383156,382.62,384.62,767.23,385,383,0.00,0.00,0,0
1592995493,s1-eth1,125658.34,3032.97,128691.31,3036,125784,83.92,45.95,129.87,46,84,0.00,0.00,0,0
1592995493,s1-eth2,3098.90,125658.34,128757.25,125784,3102,46.95,83.92,130.87,84,47,0.00,0.00,0,0
1592995493,s2-eth1,125658.34,3098.90,128757.25,3102,125784,83.92,46.95,130.87,47,84,0.00,0.00,0,0
1592995493,s2-eth2,3032.97,125658.34,128691.31,125784,3036,45.95,83.92,129.87,84,46,0.00,0.00,0,0
1592995493,s3-eth1,125658.34,3032.97,128691.31,3036,125784,83.92,45.95,129.87,46,84,0.00,0.00,0,0
1592995493,s3-eth2,3098.90,124145.86,127244.76,124270,3102,46.95,82.92,129.87,83,47,0.00,0.00,0,0
1592995493,eth0,0.00,0.00,0.00,0,0,0.00,0.00,0.00,0,0,0.00,0.00,0,0
1592995493,lo,0.00,0.00,0.00,0,0,0.00,0.00,0.00,0,0,0.00,0.00,0,0
1592995493,total,386205.81,384627.38,770833.19,385012,386592,391.61,389.61,781.22,390,392,0.00,0.00,0,0
1592995494,s1-eth1,124966.00,2772.00,127738.00,2772,124966,83.00,42.00,125.00,42,83,0.00,0.00,0,0
1592995494,s1-eth2,2706.00,124966.00,127672.00,124966,2706,41.00,83.00,124.00,83,41,0.00,0.00,0,0
1592995494,s2-eth1,124966.00,2706.00,127672.00,2706,124966,83.00,41.00,124.00,41,83,0.00,0.00,0,0
1592995494,s2-eth2,2772.00,124966.00,127738.00,124966,2772,42.00,83.00,125.00,83,42,0.00,0.00,0,0
1592995494,s3-eth1,124966.00,2772.00,127738.00,2772,124966,83.00,42.00,125.00,42,83,0.00,0.00,0,0
1592995494,s3-eth2,2772.00,126480.00,129252.00,126480,2772,42.00,84.00,126.00,84,42,0.00,0.00,0,0
1592995494,eth0,0.00,0.00,0.00,0,0,0.00,0.00,0.00,0,0,0.00,0.00,0,0
1592995494,lo,0.00,0.00,0.00,0,0,0.00,0.00,0.00,0,0,0.00,0.00,0,0
1592995494,total,383148.00,384662.00,767810.00,384662,383148,374.00,375.00,749.00,375,374,0.00,0.00,0,0
1592995495,s1-eth1,125662.00,2838.00,128500.00,2838,125662,83.00,43.00,126.00,43,83,0.00,0.00,0,0
1592995495,s1-eth2,2838.00,124148.00,126986.00,124148,2838,43.00,82.00,125.00,82,43,0.00,0.00,0,0
1592995495,s2-eth1,124148.00,2838.00,126986.00,2838,124148,82.00,43.00,125.00,43,82,0.00,0.00,0,0
1592995495,s2-eth2,2838.00,124148.00,126986.00,124148,2838,43.00,82.00,125.00,82,43,0.00,0.00,0,0
1592995495,s3-eth1,124148.00,2838.00,126986.00,2838,124148,82.00,43.00,125.00,43,82,0.00,0.00,0,0
1592995495,s3-eth2,2772.00,124148.00,126920.00,124148,2772,42.00,82.00,124.00,82,42,0.00,0.00,0,0
1592995495,eth0,0.00,0.00,0.00,0,0,0.00,0.00,0.00,0,0,0.00,0.00,0,0
1592995495,lo,0.00,0.00,0.00,0,0,0.00,0.00,0.00,0,0,0.00,0.00,0,0
1592995495,total,382406.00,380958.00,763364.00,380958,382406,375.00,375.00,750.00,375,375,0.00,0.00,0,0
1592995496,s1-eth1,124148.00,3234.00,127382.00,3234,124148,82.00,49.00,131.00,49,82,0.00,0.00,0,0
1592995496,s1-eth2,3300.00,125662.00,128962.00,125662,3300,50.00,83.00,133.00,83,50,0.00,0.00,0,0
1592995496,s2-eth1,125662.00,3300.00,128962.00,3300,125662,83.00,50.00,133.00,50,83,0.00,0.00,0,0
1592995496,s2-eth2,3234.00,125662.00,128896.00,125662,3234,49.00,83.00,132.00,83,49,0.00,0.00,0,0
1592995496,s3-eth1,125662.00,3234.00,128896.00,3234,125662,83.00,49.00,132.00,49,83,0.00,0.00,0,0
1592995496,s3-eth2,3300.00,125662.00,128962.00,125662,3300,50.00,83.00,133.00,83,50,0.00,0.00,0,0
1592995496,eth0,0.00,0.00,0.00,0,0,0.00,0.00,0.00,0,0,0.00,0.00,0,0
1592995496,lo,172.00,172.00,344.00,172,172,3.00,3.00,6.00,3,3,0.00,0.00,0,0
1592995496,total,385478.00,386926.00,772404.00,386926,385478,400.00,400.00,800.00,400,400,0.00,0.00,0,0
1592995497,s1-eth1,125022.00,2772.00,127794.00,2772,125022,83.00,42.00,125.00,42,83,0.00,0.00,0,0
1592995497,s1-eth2,2772.00,125022.00,127794.00,125022,2772,42.00,83.00,125.00,83,42,0.00,0.00,0,0
1592995497,s2-eth1,125022.00,2772.00,127794.00,2772,125022,83.00,42.00,125.00,42,83,0.00,0.00,0,0
1592995497,s2-eth2,2772.00,125022.00,127794.00,125022,2772,42.00,83.00,125.00,83,42,0.00,0.00,0,0
1592995497,s3-eth1,125022.00,2772.00,127794.00,2772,125022,83.00,42.00,125.00,42,83,0.00,0.00,0,0
1592995497,s3-eth2,2772.00,125022.00,127794.00,125022,2772,42.00,83.00,125.00,83,42,0.00,0.00,0,0
1592995497,eth0,0.00,0.00,0.00,0,0,0.00,0.00,0.00,0,0,0.00,0.00,0,0
1592995497,lo,344.00,344.00,688.00,344,344,6.00,6.00,12.00,6,6,0.00,0.00,0,0
1592995497,total,383726.00,383726.00,767452.00,383726,383726,381.00,381.00,762.00,381,381,0.00,0.00,0,0
1592995498,s1-eth1,125662.00,2706.00,128368.00,2706,125662,83.00,41.00,124.00,41,83,0.00,0.00,0,0
1592995498,s1-eth2,2706.00,125662.00,128368.00,125662,2706,41.00,83.00,124.00,83,41,0.00,0.00,0,0
1592995498,s2-eth1,125662.00,2706.00,128368.00,2706,125662,83.00,41.00,124.00,41,83,0.00,0.00,0,0
1592995498,s2-eth2,2706.00,125662.00,128368.00,125662,2706,41.00,83.00,124.00,83,41,0.00,0.00,0,0
1592995498,s3-eth1,125662.00,2706.00,128368.00,2706,125662,83.00,41.00,124.00,41,83,0.00,0.00,0,0
1592995498,s3-eth2,2706.00,124148.00,126854.00,124148,2706,41.00,82.00,123.00,82,41,0.00,0.00,0,0
1592995498,eth0,0.00,0.00,0.00,0,0,0.00,0.00,0.00,0,0,0.00,0.00,0,0
1592995498,lo,0.00,0.00,0.00,0,0,0.00,0.00,0.00,0,0,0.00,0.00,0,0
1592995498,total,385104.00,383590.00,768694.00,383590,385104,372.00,371.00,743.00,371,372,0.00,0.00,0,0
1592995499,s1-eth1,124270.00,3366.00,127636.00,3366,124270,83.00,51.00,134.00,51,83,0.00,0.00,0,0
1592995499,s1-eth2,3366.00,124270.00,127636.00,124270,3366,51.00,83.00,134.00,83,51,0.00,0.00,0,0
1592995499,s2-eth1,124270.00,3366.00,127636.00,3366,124270,83.00,51.00,134.00,51,83,0.00,0.00,0,0
1592995499,s2-eth2,3366.00,124270.00,127636.00,124270,3366,51.00,83.00,134.00,83,51,0.00,0.00,0,0
1592995499,s3-eth1,124270.00,3366.00,127636.00,3366,124270,83.00,51.00,134.00,51,83,0.00,0.00,0,0
1592995499,s3-eth2,3366.00,125784.00,129150.00,125784,3366,51.00,84.00,135.00,84,51,0.00,0.00,0,0
1592995499,eth0,0.00,0.00,0.00,0,0,0.00,0.00,0.00,0,0,0.00,0.00,0,0
1592995499,lo,0.00,0.00,0.00,0,0,0.00,0.00,0.00,0,0,0.00,0.00,0,0
1592995499,total,382908.00,384422.00,767330.00,384422,382908,402.00,403.00,805.00,403,402,0.00,0.00,0,0
1592995500,s1-eth1,125662.00,2706.00,128368.00,2706,125662,83.00,41.00,124.00,41,83,0.00,0.00,0,0
1592995500,s1-eth2,2706.00,125662.00,128368.00,125662,2706,41.00,83.00,124.00,83,41,0.00,0.00,0,0
1592995500,s2-eth1,125662.00,2706.00,128368.00,2706,125662,83.00,41.00,124.00,41,83,0.00,0.00,0,0
1592995500,s2-eth2,2772.00,125662.00,128434.00,125662,2772,42.00,83.00,125.00,83,42,0.00,0.00,0,0
1592995500,s3-eth1,125662.00,2772.00,128434.00,2772,125662,83.00,42.00,125.00,42,83,0.00,0.00,0,0
1592995500,s3-eth2,2706.00,125662.00,128368.00,125662,2706,41.00,83.00,124.00,83,41,0.00,0.00,0,0
1592995500,eth0,0.00,0.00,0.00,0,0,0.00,0.00,0.00,0,0,0.00,0.00,0,0
1592995500,lo,0.00,0.00,0.00,0,0,0.00,0.00,0.00,0,0,0.00,0.00,0,0
1592995500,total,385170.00,385170.00,770340.00,385170,385170,373.00,373.00,746.00,373,373,0.00,0.00,0,0
1592995501,s1-eth1,125662.00,2904.00,128566.00,2904,125662,83.00,44.00,127.00,44,83,0.00,0.00,0,0
1592995501,s1-eth2,2838.00,125662.00,128500.00,125662,2838,43.00,83.00,126.00,83,43,0.00,0.00,0,0
1592995501,s2-eth1,125662.00,2838.00,128500.00,2838,125662,83.00,43.00,126.00,43,83,0.00,0.00,0,0
1592995501,s2-eth2,2772.00,124148.00,126920.00,124148,2772,42.00,82.00,124.00,82,42,0.00,0.00,0,0
1592995501,s3-eth1,124148.00,2772.00,126920.00,2772,124148,82.00,42.00,124.00,42,82,0.00,0.00,0,0
1592995501,s3-eth2,2772.00,124148.00,126920.00,124148,2772,42.00,82.00,124.00,82,42,0.00,0.00,0,0
1592995501,eth0,0.00,0.00,0.00,0,0,0.00,0.00,0.00,0,0,0.00,0.00,0,0
1592995501,lo,172.00,172.00,344.00,172,172,3.00,3.00,6.00,3,3,0.00,0.00,0,0
1592995501,total,384026.00,382644.00,766670.00,382644,384026,378.00,379.00,757.00,379,378,0.00,0.00,0,0
1592995502,s1-eth1,125022.00,3102.00,128124.00,3102,125022,83.00,47.00,130.00,47,83,0.00,0.00,0,0
1592995502,s1-eth2,3168.00,125022.00,128190.00,125022,3168,48.00,83.00,131.00,83,48,0.00,0.00,0,0
1592995502,s2-eth1,125022.00,3168.00,128190.00,3168,125022,83.00,48.00,131.00,48,83,0.00,0.00,0,0
1592995502,s2-eth2,3168.00,125022.00,128190.00,125022,3168,48.00,83.00,131.00,83,48,0.00,0.00,0,0
1592995502,s3-eth1,125022.00,3168.00,128190.00,3168,125022,83.00,48.00,131.00,48,83,0.00,0.00,0,0
1592995502,s3-eth2,3234.00,125022.00,128256.00,125022,3234,49.00,83.00,132.00,83,49,0.00,0.00,0,0
1592995502,eth0,0.00,0.00,0.00,0,0,0.00,0.00,0.00,0,0,0.00,0.00,0,0
1592995502,lo,344.00,344.00,688.00,344,344,6.00,6.00,12.00,6,6,0.00,0.00,0,0
1592995502,total,384980.00,384848.00,769828.00,384848,384980,400.00,398.00,798.00,398,400,0.00,0.00,0,0
1592995503,s1-eth1,124148.00,2706.00,126854.00,2706,124148,82.00,41.00,123.00,41,82,0.00,0.00,0,0
1592995503,s1-eth2,2706.00,124148.00,126854.00,124148,2706,41.00,82.00,123.00,82,41,0.00,0.00,0,0
1592995503,s2-eth1,124148.00,2706.00,126854.00,2706,124148,82.00,41.00,123.00,41,82,0.00,0.00,0,0
1592995503,s2-eth2,2706.00,125662.00,128368.00,125662,2706,41.00,83.00,124.00,83,41,0.00,0.00,0,0
1592995503,s3-eth1,125662.00,2706.00,128368.00,2706,125662,83.00,41.00,124.00,41,83,0.00,0.00,0,0
1592995503,s3-eth2,2706.00,125662.00,128368.00,125662,2706,41.00,83.00,124.00,83,41,0.00,0.00,0,0
1592995503,eth0,0.00,0.00,0.00,0,0,0.00,0.00,0.00,0,0,0.00,0.00,0,0
1592995503,lo,0.00,0.00,0.00,0,0,0.00,0.00,0.00,0,0,0.00,0.00,0,0
1592995503,total,382076.00,383590.00,765666.00,383590,382076,370.00,371.00,741.00,371,370,0.00,0.00,0,0
1592995504,s1-eth1,125662.00,2772.00,128434.00,2772,125662,83.00,42.00,125.00,42,83,0.00,0.00,0,0
1592995504,s1-eth2,2706.00,125662.00,128368.00,125662,2706,41.00,83.00,124.00,83,41,0.00,0.00,0,0
1592995504,s2-eth1,125662.00,2706.00,128368.00,2706,125662,83.00,41.00,124.00,41,83,0.00,0.00,0,0
1592995504,s2-eth2,2772.00,125662.00,128434.00,125662,2772,42.00,83.00,125.00,83,42,0.00,0.00,0,0
1592995504,s3-eth1,125662.00,2772.00,128434.00,2772,125662,83.00,42.00,125.00,42,83,0.00,0.00,0,0
1592995504,s3-eth2,2772.00,124148.00,126920.00,124148,2772,42.00,82.00,124.00,82,42,0.00,0.00,0,0
1592995504,eth0,0.00,0.00,0.00,0,0,0.00,0.00,0.00,0,0,0.00,0.00,0,0
1592995504,lo,0.00,0.00,0.00,0,0,0.00,0.00,0.00,0,0,0.00,0.00,0,0
1592995504,total,385236.00,383722.00,768958.00,383722,385236,374.00,373.00,747.00,373,374,0.00,0.00,0,0
1592995505,s1-eth1,125662.00,3300.00,128962.00,3300,125662,83.00,50.00,133.00,50,83,0.00,0.00,0,0
1592995505,s1-eth2,3366.00,124148.00,127514.00,124148,3366,51.00,82.00,133.00,82,51,0.00,0.00,0,0
1592995505,s2-eth1,124148.00,3366.00,127514.00,3366,124148,82.00,51.00,133.00,51,82,0.00,0.00,0,0
1592995505,s2-eth2,3300.00,124148.00,127448.00,124148,3300,50.00,82.00,132.00,82,50,0.00,0.00,0,0
1592995505,s3-eth1,124148.00,3300.00,127448.00,3300,124148,82.00,50.00,132.00,50,82,0.00,0.00,0,0
1592995505,s3-eth2,3300.00,125662.00,128962.00,125662,3300,50.00,83.00,133.00,83,50,0.00,0.00,0,0
1592995505,eth0,0.00,0.00,0.00,0,0,0.00,0.00,0.00,0,0,0.00,0.00,0,0
1592995505,lo,0.00,0.00,0.00,0,0,0.00,0.00,0.00,0,0,0.00,0.00,0,0
1592995505,total,383924.00,383924.00,767848.00,383924,383924,398.00,398.00,796.00,398,398,0.00,0.00,0,0
1592995506,s1-eth1,124897.11,2769.23,127666.34,2772,125022,82.92,41.96,124.88,42,83,0.00,0.00,0,0
1592995506,s1-eth2,2703.30,126409.59,129112.89,126536,2706,40.96,83.92,124.88,84,41,0.00,0.00,0,0
1592995506,s2-eth1,126409.59,2703.30,129112.89,2706,126536,83.92,40.96,124.88,41,84,0.00,0.00,0,0
1592995506,s2-eth2,2769.23,124897.11,127666.34,125022,2772,41.96,82.92,124.88,83,42,0.00,0.00,0,0
1592995506,s3-eth1,124897.11,2769.23,127666.34,2772,125022,82.92,41.96,124.88,42,83,0.00,0.00,0,0
1592995506,s3-eth2,2703.30,124897.11,127600.41,125022,2706,40.96,82.92,123.88,83,41,0.00,0.00,0,0
1592995506,eth0,0.00,0.00,0.00,0,0,0.00,0.00,0.00,0,0,0.00,0.00,0,0
1592995506,lo,171.83,171.83,343.66,172,172,3.00,3.00,5.99,3,3,0.00,0.00,0,0
1592995506,total,384551.47,384617.41,769168.88,385002,384936,376.62,377.62,754.25,378,377,0.00,0.00,0,0
1592995507,s1-eth1,124148.00,2706.00,126854.00,2706,124148,82.00,41.00,123.00,41,82,0.00,0.00,0,0
1592995507,s1-eth2,2772.00,124148.00,126920.00,124148,2772,42.00,82.00,124.00,82,42,0.00,0.00,0,0
1592995507,s2-eth1,124148.00,2772.00,126920.00,2772,124148,82.00,42.00,124.00,42,82,0.00,0.00,0,0
1592995507,s2-eth2,2706.00,125662.00,128368.00,125662,2706,41.00,83.00,124.00,83,41,0.00,0.00,0,0
1592995507,s3-eth1,125662.00,2706.00,128368.00,2706,125662,83.00,41.00,124.00,41,83,0.00,0.00,0,0
1592995507,s3-eth2,2772.00,125662.00,128434.00,125662,2772,42.00,83.00,125.00,83,42,0.00,0.00,0,0
1592995507,eth0,0.00,0.00,0.00,0,0,0.00,0.00,0.00,0,0,0.00,0.00,0,0
1592995507,lo,344.00,344.00,688.00,344,344,6.00,6.00,12.00,6,6,0.00,0.00,0,0
1592995507,total,382552.00,384000.00,766552.00,384000,382552,378.00,378.00,756.00,378,378,0.00,0.00,0,0
1592995508,s1-eth1,125784.00,2772.00,128556.00,2772,125784,84.00,42.00,126.00,42,84,0.00,0.00,0,0
1592995508,s1-eth2,2706.00,125784.00,128490.00,125784,2706,41.00,84.00,125.00,84,41,0.00,0.00,0,0
1592995508,s2-eth1,125784.00,2706.00,128490.00,2706,125784,84.00,41.00,125.00,41,84,0.00,0.00,0,0
1592995508,s2-eth2,2772.00,124270.00,127042.00,124270,2772,42.00,83.00,125.00,83,42,0.00,0.00,0,0
1592995508,s3-eth1,124270.00,2772.00,127042.00,2772,124270,83.00,42.00,125.00,42,83,0.00,0.00,0,0
1592995508,s3-eth2,2706.00,124270.00,126976.00,124270,2706,41.00,83.00,124.00,83,41,0.00,0.00,0,0
1592995508,eth0,0.00,0.00,0.00,0,0,0.00,0.00,0.00,0,0,0.00,0.00,0,0
1592995508,lo,0.00,0.00,0.00,0,0,0.00,0.00,0.00,0,0,0.00,0.00,0,0
1592995508,total,384022.00,382574.00,766596.00,382574,384022,375.00,375.00,750.00,375,375,0.00,0.00,0,0
1592995509,s1-eth1,124148.00,3474.00,127622.00,3474,124148,82.00,53.00,135.00,53,82,0.00,0.00,0,0
1592995509,s1-eth2,3474.00,124148.00,127622.00,124148,3474,53.00,82.00,135.00,82,53,0.00,0.00,0,0
1592995509,s2-eth1,124148.00,3474.00,127622.00,3474,124148,82.00,53.00,135.00,53,82,0.00,0.00,0,0
1592995509,s2-eth2,3474.00,125662.00,129136.00,125662,3474,53.00,83.00,136.00,83,53,0.00,0.00,0,0
1592995509,s3-eth1,125662.00,3474.00,129136.00,3474,125662,83.00,53.00,136.00,53,83,0.00,0.00,0,0
1592995509,s3-eth2,3474.00,125662.00,129136.00,125662,3474,53.00,83.00,136.00,83,53,0.00,0.00,0,0
1592995509,eth0,0.00,0.00,0.00,0,0,0.00,0.00,0.00,0,0,0.00,0.00,0,0
1592995509,lo,888.00,888.00,1776.00,888,888,9.00,9.00,18.00,9,9,0.00,0.00,0,0
1592995509,total,385268.00,386782.00,772050.00,386782,385268,415.00,416.00,831.00,416,415,0.00,0.00,0,0
1592995510,s1-eth1,125662.00,2748.00,128410.00,2748,125662,83.00,42.00,125.00,42,83,0.00,0.00,0,0
1592995510,s1-eth2,2748.00,125662.00,128410.00,125662,2748,42.00,83.00,125.00,83,42,0.00,0.00,0,0
1592995510,s2-eth1,125662.00,2748.00,128410.00,2748,125662,83.00,42.00,125.00,42,83,0.00,0.00,0,0
1592995510,s2-eth2,2748.00,125662.00,128410.00,125662,2748,42.00,83.00,125.00,83,42,0.00,0.00,0,0
1592995510,s3-eth1,125662.00,2748.00,128410.00,2748,125662,83.00,42.00,125.00,42,83,0.00,0.00,0,0
1592995510,s3-eth2,2814.00,125662.00,128476.00,125662,2814,43.00,83.00,126.00,83,43,0.00,0.00,0,0
1592995510,eth0,0.00,0.00,0.00,0,0,0.00,0.00,0.00,0,0,0.00,0.00,0,0
1592995510,lo,0.00,0.00,0.00,0,0,0.00,0.00,0.00,0,0,0.00,0.00,0,0
1592995510,total,385296.00,385230.00,770526.00,385230,385296,376.00,375.00,751.00,375,376,0.00,0.00,0,0
1592995511,s1-eth1,125064.00,2772.00,127836.00,2772,125064,84.00,42.00,126.00,42,84,0.00,0.00,0,0
1592995511,s1-eth2,2772.00,125064.00,127836.00,125064,2772,42.00,84.00,126.00,84,42,0.00,0.00,0,0
1592995511,s2-eth1,125064.00,2772.00,127836.00,2772,125064,84.00,42.00,126.00,42,84,0.00,0.00,0,0
1592995511,s2-eth2,2772.00,125064.00,127836.00,125064,2772,42.00,84.00,126.00,84,42,0.00,0.00,0,0
1592995511,s3-eth1,125064.00,2772.00,127836.00,2772,125064,84.00,42.00,126.00,42,84,0.00,0.00,0,0
1592995511,s3-eth2,2772.00,125064.00,127836.00,125064,2772,42.00,84.00,126.00,84,42,0.00,0.00,0,0
1592995511,eth0,0.00,0.00,0.00,0,0,0.00,0.00,0.00,0,0,0.00,0.00,0,0
1592995511,lo,0.00,0.00,0.00,0,0,0.00,0.00,0.00,0,0,0.00,0.00,0,0
1592995511,total,383508.00,383508.00,767016.00,383508,383508,378.00,378.00,756.00,378,378,0.00,0.00,0,0
1592995512,s1-eth1,125662.00,2706.00,128368.00,2706,125662,83.00,41.00,124.00,41,83,0.00,0.00,0,0
1592995512,s1-eth2,2772.00,125662.00,128434.00,125662,2772,42.00,83.00,125.00,83,42,0.00,0.00,0,0
1592995512,s2-eth1,125662.00,2772.00,128434.00,2772,125662,83.00,42.00,125.00,42,83,0.00,0.00,0,0
1592995512,s2-eth2,2706.00,124148.00,126854.00,124148,2706,41.00,82.00,123.00,82,41,0.00,0.00,0,0
1592995512,s3-eth1,124148.00,2706.00,126854.00,2706,124148,82.00,41.00,123.00,41,82,0.00,0.00,0,0
1592995512,s3-eth2,2706.00,124148.00,126854.00,124148,2706,41.00,82.00,123.00,82,41,0.00,0.00,0,0
1592995512,eth0,0.00,0.00,0.00,0,0,0.00,0.00,0.00,0,0,0.00,0.00,0,0
1592995512,lo,0.00,0.00,0.00,0,0,0.00,0.00,0.00,0,0,0.00,0.00,0,0
1592995512,total,383656.00,382142.00,765798.00,382142,383656,372.00,371.00,743.00,371,372,0.00,0.00,0,0
1592995513,s1-eth1,124190.00,3432.00,127622.00,3432,124190,83.00,52.00,135.00,52,83,0.00,0.00,0,0
1592995513,s1-eth2,3432.00,124190.00,127622.00,124190,3432,52.00,83.00,135.00,83,52,0.00,0.00,0,0
1592995513,s2-eth1,124190.00,3432.00,127622.00,3432,124190,83.00,52.00,135.00,52,83,0.00,0.00,0,0
1592995513,s2-eth2,3498.00,125704.00,129202.00,125704,3498,53.00,84.00,137.00,84,53,0.00,0.00,0,0
1592995513,s3-eth1,125704.00,3498.00,129202.00,3498,125704,84.00,53.00,137.00,53,84,0.00,0.00,0,0
1592995513,s3-eth2,3432.00,125704.00,129136.00,125704,3432,52.00,84.00,136.00,84,52,0.00,0.00,0,0
1592995513,eth0,0.00,0.00,0.00,0,0,0.00,0.00,0.00,0,0,0.00,0.00,0,0
1592995513,lo,0.00,0.00,0.00,0,0,0.00,0.00,0.00,0,0,0.00,0.00,0,0
1592995513,total,384446.00,385960.00,770406.00,385960,384446,407.00,408.00,815.00,408,407,0.00,0.00,0,0
1592995514,s1-eth1,125536.47,2769.23,128305.70,2772,125662,82.92,41.96,124.88,42,83,0.00,0.00,0,0
1592995514,s1-eth2,2703.30,125536.47,128239.77,125662,2706,40.96,82.92,123.88,83,41,0.00,0.00,0,0
1592995514,s2-eth1,125536.47,2703.30,128239.77,2706,125662,82.92,40.96,123.88,41,83,0.00,0.00,0,0
1592995514,s2-eth2,2703.30,125536.47,128239.77,125662,2706,40.96,82.92,123.88,83,41,0.00,0.00,0,0
1592995514,s3-eth1,125536.47,2703.30,128239.77,2706,125662,82.92,40.96,123.88,41,83,0.00,0.00,0,0
1592995514,s3-eth2,2769.23,125536.47,128305.70,125662,2772,41.96,82.92,124.88,83,42,0.00,0.00,0,0
1592995514,eth0,0.00,0.00,0.00,0,0,0.00,0.00,0.00,0,0,0.00,0.00,0,0
1592995514,lo,515.48,515.48,1030.97,516,516,8.99,8.99,17.98,9,9,0.00,0.00,0,0
1592995514,total,385300.72,385300.72,770601.44,385686,385686,381.62,381.62,763.24,382,382,0.00,0.00,0,0
1592995515,s1-eth1,125662.00,2706.00,128368.00,2706,125662,83.00,41.00,124.00,41,83,0.00,0.00,0,0
1592995515,s1-eth2,2772.00,124148.00,126920.00,124148,2772,42.00,82.00,124.00,82,42,0.00,0.00,0,0
1592995515,s2-eth1,124148.00,2772.00,126920.00,2772,124148,82.00,42.00,124.00,42,82,0.00,0.00,0,0
1592995515,s2-eth2,2706.00,124148.00,126854.00,124148,2706,41.00,82.00,123.00,82,41,0.00,0.00,0,0
1592995515,s3-eth1,124148.00,2706.00,126854.00,2706,124148,82.00,41.00,123.00,41,82,0.00,0.00,0,0
1592995515,s3-eth2,2706.00,124148.00,126854.00,124148,2706,41.00,82.00,123.00,82,41,0.00,0.00,0,0
1592995515,eth0,0.00,0.00,0.00,0,0,0.00,0.00,0.00,0,0,0.00,0.00,0,0
1592995515,lo,0.00,0.00,0.00,0,0,0.00,0.00,0.00,0,0,0.00,0.00,0,0
1592995515,total,382142.00,380628.00,762770.00,380628,382142,371.00,370.00,741.00,370,371,0.00,0.00,0,0
1592995516,s1-eth1,124023.98,2703.30,126727.27,2706,124148,81.92,40.96,122.88,41,82,0.00,0.00,0,0
1592995516,s1-eth2,2703.30,125536.47,128239.77,125662,2706,40.96,82.92,123.88,83,41,0.00,0.00,0,0
1592995516,s2-eth1,125536.47,2703.30,128239.77,2706,125662,82.92,40.96,123.88,41,83,0.00,0.00,0,0
1592995516,s2-eth2,2769.23,125536.47,128305.70,125662,2772,41.96,82.92,124.88,83,42,0.00,0.00,0,0
1592995516,s3-eth1,125536.47,2769.23,128305.70,2772,125662,82.92,41.96,124.88,42,83,0.00,0.00,0,0
1592995516,s3-eth2,2703.30,125536.47,128239.77,125662,2706,40.96,82.92,123.88,83,41,0.00,0.00,0,0
1592995516,eth0,0.00,0.00,0.00,0,0,0.00,0.00,0.00,0,0,0.00,0.00,0,0
1592995516,lo,0.00,0.00,0.00,0,0,0.00,0.00,0.00,0,0,0.00,0.00,0,0
1592995516,total,383272.75,384785.22,768057.94,385170,383656,371.63,372.63,744.26,373,372,0.00,0.00,0,0
1592995517,s1-eth1,125662.00,2772.00,128434.00,2772,125662,83.00,42.00,125.00,42,83,0.00,0.00,0,0
1592995517,s1-eth2,2706.00,125662.00,128368.00,125662,2706,41.00,83.00,124.00,83,41,0.00,0.00,0,0
1592995517,s2-eth1,125662.00,2706.00,128368.00,2706,125662,83.00,41.00,124.00,41,83,0.00,0.00,0,0
1592995517,s2-eth2,2706.00,125662.00,128368.00,125662,2706,41.00,83.00,124.00,83,41,0.00,0.00,0,0
1592995517,s3-eth1,125662.00,2706.00,128368.00,2706,125662,83.00,41.00,124.00,41,83,0.00,0.00,0,0
1592995517,s3-eth2,2706.00,124148.00,126854.00,124148,2706,41.00,82.00,123.00,82,41,0.00,0.00,0,0
1592995517,eth0,0.00,0.00,0.00,0,0,0.00,0.00,0.00,0,0,0.00,0.00,0,0
1592995517,lo,0.00,0.00,0.00,0,0,0.00,0.00,0.00,0,0,0.00,0.00,0,0
1592995517,total,385104.00,383656.00,768760.00,383656,385104,372.00,372.00,744.00,372,372,0.00,0.00,0,0
1592995518,s1-eth1,124148.00,2706.00,126854.00,2706,124148,82.00,41.00,123.00,41,82,0.00,0.00,0,0
1592995518,s1-eth2,2772.00,124148.00,126920.00,124148,2772,42.00,82.00,124.00,82,42,0.00,0.00,0,0
1592995518,s2-eth1,124148.00,2772.00,126920.00,2772,124148,82.00,42.00,124.00,42,82,0.00,0.00,0,0
1592995518,s2-eth2,2706.00,124148.00,126854.00,124148,2706,41.00,82.00,123.00,82,41,0.00,0.00,0,0
1592995518,s3-eth1,124148.00,2706.00,126854.00,2706,124148,82.00,41.00,123.00,41,82,0.00,0.00,0,0
1592995518,s3-eth2,2772.00,125662.00,128434.00,125662,2772,42.00,83.00,125.00,83,42,0.00,0.00,0,0
1592995518,eth0,0.00,0.00,0.00,0,0,0.00,0.00,0.00,0,0,0.00,0.00,0,0
1592995518,lo,0.00,0.00,0.00,0,0,0.00,0.00,0.00,0,0,0.00,0.00,0,0
1592995518,total,380694.00,382142.00,762836.00,382142,380694,371.00,371.00,742.00,371,371,0.00,0.00,0,0
1592995519,s1-eth1,125662.00,2706.00,128368.00,2706,125662,83.00,41.00,124.00,41,83,0.00,0.00,0,0
1592995519,s1-eth2,2706.00,125662.00,128368.00,125662,2706,41.00,83.00,124.00,83,41,0.00,0.00,0,0
1592995519,s2-eth1,125662.00,2706.00,128368.00,2706,125662,83.00,41.00,124.00,41,83,0.00,0.00,0,0
1592995519,s2-eth2,2772.00,125662.00,128434.00,125662,2772,42.00,83.00,125.00,83,42,0.00,0.00,0,0
1592995519,s3-eth1,125662.00,2772.00,128434.00,2772,125662,83.00,42.00,125.00,42,83,0.00,0.00,0,0
1592995519,s3-eth2,2706.00,125662.00,128368.00,125662,2706,41.00,83.00,124.00,83,41,0.00,0.00,0,0
1592995519,eth0,0.00,0.00,0.00,0,0,0.00,0.00,0.00,0,0,0.00,0.00,0,0
1592995519,lo,516.00,516.00,1032.00,516,516,9.00,9.00,18.00,9,9,0.00,0.00,0,0
1592995519,total,385686.00,385686.00,771372.00,385686,385686,382.00,382.00,764.00,382,382,0.00,0.00,0,0
1592995520,s1-eth1,125286.14,2763.71,128049.85,2772,125662,82.75,41.87,124.63,42,83,0.00,0.00,0,0
1592995520,s1-eth2,2697.91,125286.14,127984.05,125662,2706,40.88,82.75,123.63,83,41,0.00,0.00,0,0
1592995520,s2-eth1,125286.14,2697.91,127984.05,2706,125662,82.75,40.88,123.63,41,83,0.00,0.00,0,0
1592995520,s2-eth2,2697.91,125286.14,127984.05,125662,2706,40.88,82.75,123.63,83,41,0.00,0.00,0,0
1592995520,s3-eth1,125286.14,2697.91,127984.05,2706,125662,82.75,40.88,123.63,41,83,0.00,0.00,0,0
1592995520,s3-eth2,2763.71,125286.14,128049.85,125662,2772,41.87,82.75,124.63,83,42,0.00,0.00,0,0
1592995520,eth0,0.00,0.00,0.00,0,0,0.00,0.00,0.00,0,0,0.00,0.00,0,0
1592995520,lo,0.00,0.00,0.00,0,0,0.00,0.00,0.00,0,0,0.00,0.00,0,0
1592995520,total,384017.94,384017.94,768035.88,385170,385170,371.88,371.88,743.77,373,373,0.00,0.00,0,0
1592995521,s1-eth1,125064.94,2769.23,127834.17,2772,125190,82.92,41.96,124.88,42,83,0.00,0.00,0,0
1592995521,s1-eth2,2769.23,125064.94,127834.17,125190,2772,41.96,82.92,124.88,83,42,0.00,0.00,0,0
1592995521,s2-eth1,125064.94,2769.23,127834.17,2772,125190,82.92,41.96,124.88,42,83,0.00,0.00,0,0
1592995521,s2-eth2,2769.23,125064.94,127834.17,125190,2772,41.96,82.92,124.88,83,42,0.00,0.00,0,0
1592995521,s3-eth1,125064.94,2769.23,127834.17,2772,125190,82.92,41.96,124.88,42,83,0.00,0.00,0,0
1592995521,s3-eth2,2769.23,125064.94,127834.17,125190,2772,41.96,82.92,124.88,83,42,0.00,0.00,0,0
1592995521,eth0,0.00,0.00,0.00,0,0,0.00,0.00,0.00,0,0,0.00,0.00,0,0
1592995521,lo,0.00,0.00,0.00,0,0,0.00,0.00,0.00,0,0,0.00,0.00,0,0
1592995521,total,383502.50,383502.50,767005.00,383886,383886,374.63,374.63,749.25,375,375,0.00,0.00,0,0
1592995522,s1-eth1,125536.47,2703.30,128239.77,2706,125662,82.92,40.96,123.88,41,83,0.00,0.00,0,0
1592995522,s1-eth2,2769.23,125536.47,128305.70,125662,2772,41.96,82.92,124.88,83,42,0.00,0.00,0,0
1592995522,s2-eth1,125536.47,2769.23,128305.70,2772,125662,82.92,41.96,124.88,42,83,0.00,0.00,0,0
1592995522,s2-eth2,2703.30,124023.98,126727.27,124148,2706,40.96,81.92,122.88,82,41,0.00,0.00,0,0
1592995522,s3-eth1,124023.98,2703.30,126727.27,2706,124148,81.92,40.96,122.88,41,82,0.00,0.00,0,0
1592995522,s3-eth2,2703.30,124023.98,126727.27,124148,2706,40.96,81.92,122.88,82,41,0.00,0.00,0,0
1592995522,eth0,0.00,0.00,0.00,0,0,0.00,0.00,0.00,0,0,0.00,0.00,0,0
1592995522,lo,0.00,0.00,0.00,0,0,0.00,0.00,0.00,0,0,0.00,0.00,0,0
1592995522,total,383272.75,381760.25,765033.00,382142,383656,371.63,370.63,742.26,371,372,0.00,0.00,0,0
1592995523,s1-eth1,124148.00,2706.00,126854.00,2706,124148,82.00,41.00,123.00,41,82,0.00,0.00,0,0
1592995523,s1-eth2,2706.00,124148.00,126854.00,124148,2706,41.00,82.00,123.00,82,41,0.00,0.00,0,0
1592995523,s2-eth1,124148.00,2706.00,126854.00,2706,124148,82.00,41.00,123.00,41,82,0.00,0.00,0,0
1592995523,s2-eth2,2772.00,125662.00,128434.00,125662,2772,42.00,83.00,125.00,83,42,0.00,0.00,0,0
1592995523,s3-eth1,125662.00,2772.00,128434.00,2772,125662,83.00,42.00,125.00,42,83,0.00,0.00,0,0
1592995523,s3-eth2,2706.00,125662.00,128368.00,125662,2706,41.00,83.00,124.00,83,41,0.00,0.00,0,0
1592995523,eth0,0.00,0.00,0.00,0,0,0.00,0.00,0.00,0,0,0.00,0.00,0,0
1592995523,lo,0.00,0.00,0.00,0,0,0.00,0.00,0.00,0,0,0.00,0.00,0,0
1592995523,total,382142.00,383656.00,765798.00,383656,382142,371.00,372.00,743.00,372,371,0.00,0.00,0,0
1592995524,s1-eth1,125662.00,2772.00,128434.00,2772,125662,83.00,42.00,125.00,42,83,0.00,0.00,0,0
1592995524,s1-eth2,2706.00,125662.00,128368.00,125662,2706,41.00,83.00,124.00,83,41,0.00,0.00,0,0
1592995524,s2-eth1,125662.00,2706.00,128368.00,2706,125662,83.00,41.00,124.00,41,83,0.00,0.00,0,0
1592995524,s2-eth2,2706.00,125662.00,128368.00,125662,2706,41.00,83.00,124.00,83,41,0.00,0.00,0,0
1592995524,s3-eth1,125662.00,2706.00,128368.00,2706,125662,83.00,41.00,124.00,41,83,0.00,0.00,0,0
1592995524,s3-eth2,2772.00,124148.00,126920.00,124148,2772,42.00,82.00,124.00,82,42,0.00,0.00,0,0
1592995524,eth0,0.00,0.00,0.00,0,0,0.00,0.00,0.00,0,0,0.00,0.00,0,0
1592995524,lo,516.00,516.00,1032.00,516,516,9.00,9.00,18.00,9,9,0.00,0.00,0,0
1592995524,total,385686.00,384172.00,769858.00,384172,385686,382.00,381.00,763.00,381,382,0.00,0.00,0,0
1592995525,s1-eth1,125662.00,2706.00,128368.00,2706,125662,83.00,41.00,124.00,41,83,0.00,0.00,0,0
1592995525,s1-eth2,2772.00,124148.00,126920.00,124148,2772,42.00,82.00,124.00,82,42,0.00,0.00,0,0
1592995525,s2-eth1,124148.00,2772.00,126920.00,2772,124148,82.00,42.00,124.00,42,82,0.00,0.00,0,0
1592995525,s2-eth2,2706.00,124148.00,126854.00,124148,2706,41.00,82.00,123.00,82,41,0.00,0.00,0,0
1592995525,s3-eth1,124148.00,2706.00,126854.00,2706,124148,82.00,41.00,123.00,41,82,0.00,0.00,0,0
1592995525,s3-eth2,2706.00,125662.00,128368.00,125662,2706,41.00,83.00,124.00,83,41,0.00,0.00,0,0
1592995525,eth0,0.00,0.00,0.00,0,0,0.00,0.00,0.00,0,0,0.00,0.00,0,0
1592995525,lo,0.00,0.00,0.00,0,0,0.00,0.00,0.00,0,0,0.00,0.00,0,0
1592995525,total,382142.00,382142.00,764284.00,382142,382142,371.00,371.00,742.00,371,371,0.00,0.00,0,0
1592995526,s1-eth1,124148.00,2706.00,126854.00,2706,124148,82.00,41.00,123.00,41,82,0.00,0.00,0,0
1592995526,s1-eth2,2706.00,125662.00,128368.00,125662,2706,41.00,83.00,124.00,83,41,0.00,0.00,0,0
1592995526,s2-eth1,125662.00,2706.00,128368.00,2706,125662,83.00,41.00,124.00,41,83,0.00,0.00,0,0
1592995526,s2-eth2,2772.00,125662.00,128434.00,125662,2772,42.00,83.00,125.00,83,42,0.00,0.00,0,0
1592995526,s3-eth1,125662.00,2772.00,128434.00,2772,125662,83.00,42.00,125.00,42,83,0.00,0.00,0,0
1592995526,s3-eth2,2706.00,125078.00,127784.00,125078,2706,41.00,83.00,124.00,83,41,0.00,0.00,0,0
1592995526,eth0,0.00,0.00,0.00,0,0,0.00,0.00,0.00,0,0,0.00,0.00,0,0
1592995526,lo,0.00,0.00,0.00,0,0,0.00,0.00,0.00,0,0,0.00,0.00,0,0
1592995526,total,383656.00,384586.00,768242.00,384586,383656,372.00,373.00,745.00,373,372,0.00,0.00,0,0
1592995527,s1-eth1,125078.00,2772.00,127850.00,2772,125078,83.00,42.00,125.00,42,83,0.00,0.00,0,0
1592995527,s1-eth2,2772.00,125078.00,127850.00,125078,2772,42.00,83.00,125.00,83,42,0.00,0.00,0,0
1592995527,s2-eth1,125078.00,2772.00,127850.00,2772,125078,83.00,42.00,125.00,42,83,0.00,0.00,0,0
1592995527,s2-eth2,2772.00,125078.00,127850.00,125078,2772,42.00,83.00,125.00,83,42,0.00,0.00,0,0
1592995527,s3-eth1,125078.00,2772.00,127850.00,2772,125078,83.00,42.00,125.00,42,83,0.00,0.00,0,0
1592995527,s3-eth2,2772.00,125662.00,128434.00,125662,2772,42.00,83.00,125.00,83,42,0.00,0.00,0,0
1592995527,eth0,0.00,0.00,0.00,0,0,0.00,0.00,0.00,0,0,0.00,0.00,0,0
1592995527,lo,0.00,0.00,0.00,0,0,0.00,0.00,0.00,0,0,0.00,0.00,0,0
1592995527,total,383550.00,384134.00,767684.00,384134,383550,375.00,375.00,750.00,375,375,0.00,0.00,0,0
1592995528,s1-eth1,125662.00,2772.00,128434.00,2772,125662,83.00,42.00,125.00,42,83,0.00,0.00,0,0
1592995528,s1-eth2,2706.00,125662.00,128368.00,125662,2706,41.00,83.00,124.00,83,41,0.00,0.00,0,0
1592995528,s2-eth1,125662.00,2706.00,128368.00,2706,125662,83.00,41.00,124.00,41,83,0.00,0.00,0,0
1592995528,s2-eth2,2706.00,124148.00,126854.00,124148,2706,41.00,82.00,123.00,82,41,0.00,0.00,0,0
1592995528,s3-eth1,124148.00,2706.00,126854.00,2706,124148,82.00,41.00,123.00,41,82,0.00,0.00,0,0
1592995528,s3-eth2,2706.00,124148.00,126854.00,124148,2706,41.00,82.00,123.00,82,41,0.00,0.00,0,0
1592995528,eth0,0.00,0.00,0.00,0,0,0.00,0.00,0.00,0,0,0.00,0.00,0,0
1592995528,lo,0.00,0.00,0.00,0,0,0.00,0.00,0.00,0,0,0.00,0.00,0,0
1592995528,total,383590.00,382142.00,765732.00,382142,383590,371.00,371.00,742.00,371,371,0.00,0.00,0,0
1592995529,s1-eth1,124148.00,2706.00,126854.00,2706,124148,82.00,41.00,123.00,41,82,0.00,0.00,0,0
1592995529,s1-eth2,2772.00,124148.00,126920.00,124148,2772,42.00,82.00,124.00,82,42,0.00,0.00,0,0
1592995529,s2-eth1,124148.00,2772.00,126920.00,2772,124148,82.00,42.00,124.00,42,82,0.00,0.00,0,0
1592995529,s2-eth2,2706.00,125662.00,128368.00,125662,2706,41.00,83.00,124.00,83,41,0.00,0.00,0,0
1592995529,s3-eth1,125662.00,2706.00,128368.00,2706,125662,83.00,41.00,124.00,41,83,0.00,0.00,0,0
1592995529,s3-eth2,2772.00,125662.00,128434.00,125662,2772,42.00,83.00,125.00,83,42,0.00,0.00,0,0
1592995529,eth0,0.00,0.00,0.00,0,0,0.00,0.00,0.00,0,0,0.00,0.00,0,0
1592995529,lo,516.00,516.00,1032.00,516,516,9.00,9.00,18.00,9,9,0.00,0.00,0,0
1592995529,total,382724.00,384172.00,766896.00,384172,382724,381.00,381.00,762.00,381,381,0.00,0.00,0,0
1592995530,s1-eth1,125662.00,2706.00,128368.00,2706,125662,83.00,41.00,124.00,41,83,0.00,0.00,0,0
1592995530,s1-eth2,2706.00,125662.00,128368.00,125662,2706,41.00,83.00,124.00,83,41,0.00,0.00,0,0
1592995530,s2-eth1,125662.00,2706.00,128368.00,2706,125662,83.00,41.00,124.00,41,83,0.00,0.00,0,0
1592995530,s2-eth2,2706.00,125662.00,128368.00,125662,2706,41.00,83.00,124.00,83,41,0.00,0.00,0,0
1592995530,s3-eth1,125662.00,2706.00,128368.00,2706,125662,83.00,41.00,124.00,41,83,0.00,0.00,0,0
1592995530,s3-eth2,2706.00,125662.00,128368.00,125662,2706,41.00,83.00,124.00,83,41,0.00,0.00,0,0
1592995530,eth0,0.00,0.00,0.00,0,0,0.00,0.00,0.00,0,0,0.00,0.00,0,0
1592995530,lo,0.00,0.00,0.00,0,0,0.00,0.00,0.00,0,0,0.00,0.00,0,0
1592995530,total,385104.00,385104.00,770208.00,385104,385104,372.00,372.00,744.00,372,372,0.00,0.00,0,0
1592995531,s1-eth1,125662.00,2772.00,128434.00,2772,125662,83.00,42.00,125.00,42,83,0.00,0.00,0,0
1592995531,s1-eth2,2706.00,124148.00,126854.00,124148,2706,41.00,82.00,123.00,82,41,0.00,0.00,0,0
1592995531,s2-eth1,124148.00,2706.00,126854.00,2706,124148,82.00,41.00,123.00,41,82,0.00,0.00,0,0
1592995531,s2-eth2,2772.00,124148.00,126920.00,124148,2772,42.00,82.00,124.00,82,42,0.00,0.00,0,0
1592995531,s3-eth1,124148.00,2772.00,126920.00,2772,124148,82.00,42.00,124.00,42,82,0.00,0.00,0,0
1592995531,s3-eth2,2706.00,124148.00,126854.00,124148,2706,41.00,82.00,123.00,82,41,0.00,0.00,0,0
1592995531,eth0,0.00,0.00,0.00,0,0,0.00,0.00,0.00,0,0,0.00,0.00,0,0
1592995531,lo,0.00,0.00,0.00,0,0,0.00,0.00,0.00,0,0,0.00,0.00,0,0
1592995531,total,382142.00,380694.00,762836.00,380694,382142,371.00,371.00,742.00,371,371,0.00,0.00,0,0
1592995532,s1-eth1,125078.00,2772.00,127850.00,2772,125078,83.00,42.00,125.00,42,83,0.00,0.00,0,0
1592995532,s1-eth2,2772.00,125078.00,127850.00,125078,2772,42.00,83.00,125.00,83,42,0.00,0.00,0,0
1592995532,s2-eth1,125078.00,2772.00,127850.00,2772,125078,83.00,42.00,125.00,42,83,0.00,0.00,0,0
1592995532,s2-eth2,2772.00,125078.00,127850.00,125078,2772,42.00,83.00,125.00,83,42,0.00,0.00,0,0
1592995532,s3-eth1,125078.00,2772.00,127850.00,2772,125078,83.00,42.00,125.00,42,83,0.00,0.00,0,0
1592995532,s3-eth2,2772.00,125078.00,127850.00,125078,2772,42.00,83.00,125.00,83,42,0.00,0.00,0,0
1592995532,eth0,0.00,0.00,0.00,0,0,0.00,0.00,0.00,0,0,0.00,0.00,0,0
1592995532,lo,0.00,0.00,0.00,0,0,0.00,0.00,0.00,0,0,0.00,0.00,0,0
1592995532,total,383550.00,383550.00,767100.00,383550,383550,375.00,375.00,750.00,375,375,0.00,0.00,0,0
1592995533,s1-eth1,124023.98,2703.30,126727.27,2706,124148,81.92,40.96,122.88,41,82,0.00,0.00,0,0
1592995533,s1-eth2,2769.23,125536.47,128305.70,125662,2772,41.96,82.92,124.88,83,42,0.00,0.00,0,0
1592995533,s2-eth1,125536.47,2769.23,128305.70,2772,125662,82.92,41.96,124.88,42,83,0.00,0.00,0,0
1592995533,s2-eth2,2703.30,125536.47,128239.77,125662,2706,40.96,82.92,123.88,83,41,0.00,0.00,0,0
1592995533,s3-eth1,125536.47,2703.30,128239.77,2706,125662,82.92,40.96,123.88,41,83,0.00,0.00,0,0
1592995533,s3-eth2,2769.23,125536.47,128305.70,125662,2772,41.96,82.92,124.88,83,42,0.00,0.00,0,0
1592995533,eth0,0.00,0.00,0.00,0,0,0.00,0.00,0.00,0,0,0.00,0.00,0,0
1592995533,lo,0.00,0.00,0.00,0,0,0.00,0.00,0.00,0,0,0.00,0.00,0,0
1592995533,total,383338.66,384785.22,768123.88,385170,383722,372.63,372.63,745.25,373,373,0.00,0.00,0,0
1592995534,s1-eth1,125658.34,2769.23,128427.58,2772,125784,83.92,41.96,125.87,42,84,0.00,0.00,0,0
1592995534,s1-eth2,2703.30,125658.34,128361.64,125784,2706,40.96,83.92,124.88,84,41,0.00,0.00,0,0
1592995534,s2-eth1,125658.34,2703.30,128361.64,2706,125784,83.92,40.96,124.88,41,84,0.00,0.00,0,0
1592995534,s2-eth2,2769.23,125658.34,128427.58,125784,2772,41.96,83.92,125.87,84,42,0.00,0.00,0,0
1592995534,s3-eth1,125658.34,2769.23,128427.58,2772,125784,83.92,41.96,125.87,42,84,0.00,0.00,0,0
1592995534,s3-eth2,2703.30,124145.86,126849.16,124270,2706,40.96,82.92,123.88,83,41,0.00,0.00,0,0
1592995534,eth0,0.00,0.00,0.00,0,0,0.00,0.00,0.00,0,0,0.00,0.00,0,0
1592995534,lo,515.48,515.48,1030.97,516,516,8.99,8.99,17.98,9,9,0.00,0.00,0,0
1592995534,total,385666.34,384219.78,769886.12,384604,386052,384.62,384.62,769.23,385,385,0.00,0.00,0,0
1592995535,s1-eth1,124148.00,2706.00,126854.00,2706,124148,82.00,41.00,123.00,41,82,0.00,0.00,0,0
1592995535,s1-eth2,2706.00,124148.00,126854.00,124148,2706,41.00,82.00,123.00,82,41,0.00,0.00,0,0
1592995535,s2-eth1,124148.00,2706.00,126854.00,2706,124148,82.00,41.00,123.00,41,82,0.00,0.00,0,0
1592995535,s2-eth2,2706.00,124148.00,126854.00,124148,2706,41.00,82.00,123.00,82,41,0.00,0.00,0,0
1592995535,s3-eth1,124148.00,2706.00,126854.00,2706,124148,82.00,41.00,123.00,41,82,0.00,0.00,0,0
1592995535,s3-eth2,2772.00,125662.00,128434.00,125662,2772,42.00,83.00,125.00,83,42,0.00,0.00,0,0
1592995535,eth0,0.00,0.00,0.00,0,0,0.00,0.00,0.00,0,0,0.00,0.00,0,0
1592995535,lo,0.00,0.00,0.00,0,0,0.00,0.00,0.00,0,0,0.00,0.00,0,0
1592995535,total,380628.00,382076.00,762704.00,382076,380628,370.00,370.00,740.00,370,370,0.00,0.00,0,0
1592995536,s1-eth1,125536.47,2703.30,128239.77,2706,125662,82.92,40.96,123.88,41,83,0.00,0.00,0,0
1592995536,s1-eth2,2769.23,125536.47,128305.70,125662,2772,41.96,82.92,124.88,83,42,0.00,0.00,0,0
1592995536,s2-eth1,125536.47,2769.23,128305.70,2772,125662,82.92,41.96,124.88,42,83,0.00,0.00,0,0
1592995536,s2-eth2,2769.23,125536.47,128305.70,125662,2772,41.96,82.92,124.88,83,42,0.00,0.00,0,0
1592995536,s3-eth1,125536.47,2769.23,128305.70,2772,125662,82.92,41.96,124.88,42,83,0.00,0.00,0,0
1592995536,s3-eth2,2703.30,125536.47,128239.77,125662,2706,40.96,82.92,123.88,83,41,0.00,0.00,0,0
1592995536,eth0,0.00,0.00,0.00,0,0,0.00,0.00,0.00,0,0,0.00,0.00,0,0
1592995536,lo,0.00,0.00,0.00,0,0,0.00,0.00,0.00,0,0,0.00,0.00,0,0
1592995536,total,384851.16,384851.16,769702.31,385236,385236,373.63,373.63,747.25,374,374,0.00,0.00,0,0
1592995537,s1-eth1,125022.00,2772.00,127794.00,2772,125022,83.00,42.00,125.00,42,83,0.00,0.00,0,0
1592995537,s1-eth2,2706.00,125022.00,127728.00,125022,2706,41.00,83.00,124.00,83,41,0.00,0.00,0,0
1592995537,s2-eth1,125022.00,2706.00,127728.00,2706,125022,83.00,41.00,124.00,41,83,0.00,0.00,0,0
1592995537,s2-eth2,2706.00,125022.00,127728.00,125022,2706,41.00,83.00,124.00,83,41,0.00,0.00,0,0
1592995537,s3-eth1,125022.00,2706.00,127728.00,2706,125022,83.00,41.00,124.00,41,83,0.00,0.00,0,0
1592995537,s3-eth2,2772.00,125022.00,127794.00,125022,2772,42.00,83.00,125.00,83,42,0.00,0.00,0,0
1592995537,eth0,342.00,342.00,684.00,342,342,1.00,1.00,2.00,1,1,0.00,0.00,0,0
1592995537,lo,0.00,0.00,0.00,0,0,0.00,0.00,0.00,0,0,0.00,0.00,0,0
1592995537,total,383592.00,383592.00,767184.00,383592,383592,374.00,374.00,748.00,374,374,0.00,0.00,0,0
1592995538,s1-eth1,125536.47,2703.30,128239.77,2706,125662,82.92,40.96,123.88,41,83,0.00,0.00,0,0
1592995538,s1-eth2,2769.23,125536.47,128305.70,125662,2772,41.96,82.92,124.88,83,42,0.00,0.00,0,0
1592995538,s2-eth1,125536.47,2769.23,128305.70,2772,125662,82.92,41.96,124.88,42,83,0.00,0.00,0,0
1592995538,s2-eth2,2703.30,125536.47,128239.77,125662,2706,40.96,82.92,123.88,83,41,0.00,0.00,0,0
1592995538,s3-eth1,125536.47,2703.30,128239.77,2706,125662,82.92,40.96,123.88,41,83,0.00,0.00,0,0
1592995538,s3-eth2,2703.30,124023.98,126727.27,124148,2706,40.96,81.92,122.88,82,41,0.00,0.00,0,0
1592995538,eth0,0.00,0.00,0.00,0,0,0.00,0.00,0.00,0,0,0.00,0.00,0,0
1592995538,lo,0.00,0.00,0.00,0,0,0.00,0.00,0.00,0,0,0.00,0.00,0,0
1592995538,total,384785.22,383272.75,768057.94,383656,385170,372.63,371.63,744.26,372,373,0.00,0.00,0,0
1592995539,s1-eth1,125662.00,2904.00,128566.00,2904,125662,83.00,44.00,127.00,44,83,0.00,0.00,0,0
1592995539,s1-eth2,2838.00,124148.00,126986.00,124148,2838,43.00,82.00,125.00,82,43,0.00,0.00,0,0
1592995539,s2-eth1,124148.00,2838.00,126986.00,2838,124148,82.00,43.00,125.00,43,82,0.00,0.00,0,0
1592995539,s2-eth2,2904.00,124148.00,127052.00,124148,2904,44.00,82.00,126.00,82,44,0.00,0.00,0,0
1592995539,s3-eth1,124148.00,2904.00,127052.00,2904,124148,82.00,44.00,126.00,44,82,0.00,0.00,0,0
1592995539,s3-eth2,2838.00,125662.00,128500.00,125662,2838,43.00,83.00,126.00,83,43,0.00,0.00,0,0
1592995539,eth0,0.00,0.00,0.00,0,0,0.00,0.00,0.00,0,0,0.00,0.00,0,0
1592995539,lo,516.00,516.00,1032.00,516,516,9.00,9.00,18.00,9,9,0.00,0.00,0,0
1592995539,total,383054.00,383120.00,766174.00,383120,383054,386.00,387.00,773.00,387,386,0.00,0.00,0,0
1592995540,s1-eth1,124270.00,2748.00,127018.00,2748,124270,83.00,42.00,125.00,42,83,0.00,0.00,0,0
1592995540,s1-eth2,2814.00,125784.00,128598.00,125784,2814,43.00,84.00,127.00,84,43,0.00,0.00,0,0
1592995540,s2-eth1,125784.00,2814.00,128598.00,2814,125784,84.00,43.00,127.00,43,84,0.00,0.00,0,0
1592995540,s2-eth2,2814.00,125784.00,128598.00,125784,2814,43.00,84.00,127.00,84,43,0.00,0.00,0,0
1592995540,s3-eth1,125784.00,2814.00,128598.00,2814,125784,84.00,43.00,127.00,43,84,0.00,0.00,0,0
1592995540,s3-eth2,2814.00,125784.00,128598.00,125784,2814,43.00,84.00,127.00,84,43,0.00,0.00,0,0
1592995540,eth0,0.00,0.00,0.00,0,0,0.00,0.00,0.00,0,0,0.00,0.00,0,0
1592995540,lo,0.00,0.00,0.00,0,0,0.00,0.00,0.00,0,0,0.00,0.00,0,0
1592995540,total,384280.00,385728.00,770008.00,385728,384280,380.00,380.00,760.00,380,380,0.00,0.00,0,0
1592995541,s1-eth1,125662.00,2814.00,128476.00,2814,125662,83.00,43.00,126.00,43,83,0.00,0.00,0,0
1592995541,s1-eth2,2748.00,125662.00,128410.00,125662,2748,42.00,83.00,125.00,83,42,0.00,0.00,0,0
1592995541,s2-eth1,125662.00,2748.00,128410.00,2748,125662,83.00,42.00,125.00,42,83,0.00,0.00,0,0
1592995541,s2-eth2,2748.00,124148.00,126896.00,124148,2748,42.00,82.00,124.00,82,42,0.00,0.00,0,0
1592995541,s3-eth1,124148.00,2748.00,126896.00,2748,124148,82.00,42.00,124.00,42,82,0.00,0.00,0,0
1592995541,s3-eth2,2748.00,124148.00,126896.00,124148,2748,42.00,82.00,124.00,82,42,0.00,0.00,0,0
1592995541,eth0,0.00,0.00,0.00,0,0,0.00,0.00,0.00,0,0,0.00,0.00,0,0
1592995541,lo,0.00,0.00,0.00,0,0,0.00,0.00,0.00,0,0,0.00,0.00,0,0
1592995541,total,383716.00,382268.00,765984.00,382268,383716,374.00,374.00,748.00,374,374,0.00,0.00,0,0
1592995542,s1-eth1,124190.00,2706.00,126896.00,2706,124190,83.00,41.00,124.00,41,83,0.00,0.00,0,0
1592995542,s1-eth2,2772.00,124190.00,126962.00,124190,2772,42.00,83.00,125.00,83,42,0.00,0.00,0,0
1592995542,s2-eth1,124190.00,2772.00,126962.00,2772,124190,83.00,42.00,125.00,42,83,0.00,0.00,0,0
1592995542,s2-eth2,2706.00,125704.00,128410.00,125704,2706,41.00,84.00,125.00,84,41,0.00,0.00,0,0
1592995542,s3-eth1,125704.00,2706.00,128410.00,2706,125704,84.00,41.00,125.00,41,84,0.00,0.00,0,0
1592995542,s3-eth2,2772.00,125704.00,128476.00,125704,2772,42.00,84.00,126.00,84,42,0.00,0.00,0,0
1592995542,eth0,60.00,60.00,120.00,60,60,1.00,1.00,2.00,1,1,0.00,0.00,0,0
1592995542,lo,0.00,0.00,0.00,0,0,0.00,0.00,0.00,0,0,0.00,0.00,0,0
1592995542,total,382394.00,383842.00,766236.00,383842,382394,376.00,376.00,752.00,376,376,0.00,0.00,0,0
1592995543,s1-eth1,125064.00,2706.00,127770.00,2706,125064,84.00,41.00,125.00,41,84,0.00,0.00,0,0
1592995543,s1-eth2,2706.00,125064.00,127770.00,125064,2706,41.00,84.00,125.00,84,41,0.00,0.00,0,0
1592995543,s2-eth1,125064.00,2706.00,127770.00,2706,125064,84.00,41.00,125.00,41,84,0.00,0.00,0,0
1592995543,s2-eth2,2772.00,125064.00,127836.00,125064,2772,42.00,84.00,126.00,84,42,0.00,0.00,0,0
1592995543,s3-eth1,125064.00,2772.00,127836.00,2772,125064,84.00,42.00,126.00,42,84,0.00,0.00,0,0
1592995543,s3-eth2,2706.00,125064.00,127770.00,125064,2706,41.00,84.00,125.00,84,41,0.00,0.00,0,0
1592995543,eth0,0.00,0.00,0.00,0,0,0.00,0.00,0.00,0,0,0.00,0.00,0,0
1592995543,lo,0.00,0.00,0.00,0,0,0.00,0.00,0.00,0,0,0.00,0.00,0,0
1592995543,total,383376.00,383376.00,766752.00,383376,383376,376.00,376.00,752.00,376,376,0.00,0.00,0,0
1592995544,s1-eth1,125662.00,2772.00,128434.00,2772,125662,83.00,42.00,125.00,42,83,0.00,0.00,0,0
1592995544,s1-eth2,2706.00,125662.00,128368.00,125662,2706,41.00,83.00,124.00,83,41,0.00,0.00,0,0
1592995544,s2-eth1,125662.00,2706.00,128368.00,2706,125662,83.00,41.00,124.00,41,83,0.00,0.00,0,0
1592995544,s2-eth2,2706.00,125662.00,128368.00,125662,2706,41.00,83.00,124.00,83,41,0.00,0.00,0,0
1592995544,s3-eth1,125662.00,2706.00,128368.00,2706,125662,83.00,41.00,124.00,41,83,0.00,0.00,0,0
1592995544,s3-eth2,2706.00,124148.00,126854.00,124148,2706,41.00,82.00,123.00,82,41,0.00,0.00,0,0
1592995544,eth0,0.00,0.00,0.00,0,0,0.00,0.00,0.00,0,0,0.00,0.00,0,0
1592995544,lo,516.00,516.00,1032.00,516,516,9.00,9.00,18.00,9,9,0.00,0.00,0,0
1592995544,total,385620.00,384172.00,769792.00,384172,385620,381.00,381.00,762.00,381,381,0.00,0.00,0,0
1592995545,s1-eth1,81944.00,1914.00,83858.00,1914,81944,56.00,29.00,85.00,29,56,0.00,0.00,0,0
1592995545,s1-eth2,1980.00,80430.00,82410.00,80430,1980,30.00,55.00,85.00,55,30,0.00,0.00,0,0
1592995545,s2-eth1,80430.00,1980.00,82410.00,1980,80430,55.00,30.00,85.00,30,55,0.00,0.00,0,0
1592995545,s2-eth2,1980.00,78916.00,80896.00,78916,1980,30.00,54.00,84.00,54,30,0.00,0.00,0,0
1592995545,s3-eth1,78916.00,1980.00,80896.00,1980,78916,54.00,30.00,84.00,30,54,0.00,0.00,0,0
1592995545,s3-eth2,2046.00,78916.00,80962.00,78916,2046,31.00,54.00,85.00,54,31,0.00,0.00,0,0
1592995545,eth0,0.00,0.00,0.00,0,0,0.00,0.00,0.00,0,0,0.00,0.00,0,0
1592995545,lo,0.00,0.00,0.00,0,0,0.00,0.00,0.00,0,0,0.00,0.00,0,0
1592995545,total,247296.00,244136.00,491432.00,244136,247296,256.00,252.00,508.00,252,256,0.00,0.00,0,0
1592995546,s1-eth1,0.00,0.00,0.00,0,0,0.00,0.00,0.00,0,0,0.00,0.00,0,0
1592995546,s1-eth2,0.00,0.00,0.00,0,0,0.00,0.00,0.00,0,0,0.00,0.00,0,0
1592995546,s2-eth1,0.00,0.00,0.00,0,0,0.00,0.00,0.00,0,0,0.00,0.00,0,0
1592995546,s2-eth2,0.00,0.00,0.00,0,0,0.00,0.00,0.00,0,0,0.00,0.00,0,0
1592995546,s3-eth1,0.00,0.00,0.00,0,0,0.00,0.00,0.00,0,0,0.00,0.00,0,0
1592995546,s3-eth2,0.00,0.00,0.00,0,0,0.00,0.00,0.00,0,0,0.00,0.00,0,0
1592995546,eth0,0.00,0.00,0.00,0,0,0.00,0.00,0.00,0,0,0.00,0.00,0,0
1592995546,lo,0.00,0.00,0.00,0,0,0.00,0.00,0.00,0,0,0.00,0.00,0,0
1592995546,total,0.00,0.00,0.00,0,0,0.00,0.00,0.00,0,0,0.00,0.00,0,0
1592995547,s1-eth1,0.00,0.00,0.00,0,0,0.00,0.00,0.00,0,0,0.00,0.00,0,0
1592995547,s1-eth2,0.00,0.00,0.00,0,0,0.00,0.00,0.00,0,0,0.00,0.00,0,0
1592995547,s2-eth1,0.00,0.00,0.00,0,0,0.00,0.00,0.00,0,0,0.00,0.00,0,0
1592995547,s2-eth2,0.00,0.00,0.00,0,0,0.00,0.00,0.00,0,0,0.00,0.00,0,0
1592995547,s3-eth1,0.00,0.00,0.00,0,0,0.00,0.00,0.00,0,0,0.00,0.00,0,0
1592995547,s3-eth2,0.00,0.00,0.00,0,0,0.00,0.00,0.00,0,0,0.00,0.00,0,0
1592995547,eth0,0.00,0.00,0.00,0,0,0.00,0.00,0.00,0,0,0.00,0.00,0,0
1592995547,lo,0.00,0.00,0.00,0,0,0.00,0.00,0.00,0,0,0.00,0.00,0,0
1592995547,total,0.00,0.00,0.00,0,0,0.00,0.00,0.00,0,0,0.00,0.00,0,0
1592995548,s1-eth1,0.00,0.00,0.00,0,0,0.00,0.00,0.00,0,0,0.00,0.00,0,0
1592995548,s1-eth2,0.00,0.00,0.00,0,0,0.00,0.00,0.00,0,0,0.00,0.00,0,0
1592995548,s2-eth1,0.00,0.00,0.00,0,0,0.00,0.00,0.00,0,0,0.00,0.00,0,0
1592995548,s2-eth2,0.00,0.00,0.00,0,0,0.00,0.00,0.00,0,0,0.00,0.00,0,0
1592995548,s3-eth1,0.00,0.00,0.00,0,0,0.00,0.00,0.00,0,0,0.00,0.00,0,0
1592995548,s3-eth2,0.00,0.00,0.00,0,0,0.00,0.00,0.00,0,0,0.00,0.00,0,0
1592995548,eth0,0.00,0.00,0.00,0,0,0.00,0.00,0.00,0,0,0.00,0.00,0,0
1592995548,lo,0.00,0.00,0.00,0,0,0.00,0.00,0.00,0,0,0.00,0.00,0,0
1592995548,total,0.00,0.00,0.00,0,0,0.00,0.00,0.00,0,0,0.00,0.00,0,0
1592995549,s1-eth1,0.00,0.00,0.00,0,0,0.00,0.00,0.00,0,0,0.00,0.00,0,0
1592995549,s1-eth2,0.00,0.00,0.00,0,0,0.00,0.00,0.00,0,0,0.00,0.00,0,0
1592995549,s2-eth1,0.00,0.00,0.00,0,0,0.00,0.00,0.00,0,0,0.00,0.00,0,0
1592995549,s2-eth2,0.00,0.00,0.00,0,0,0.00,0.00,0.00,0,0,0.00,0.00,0,0
1592995549,s3-eth1,0.00,0.00,0.00,0,0,0.00,0.00,0.00,0,0,0.00,0.00,0,0
1592995549,s3-eth2,0.00,0.00,0.00,0,0,0.00,0.00,0.00,0,0,0.00,0.00,0,0
1592995549,eth0,0.00,0.00,0.00,0,0,0.00,0.00,0.00,0,0,0.00,0.00,0,0
1592995549,lo,516.00,516.00,1032.00,516,516,9.00,9.00,18.00,9,9,0.00,0.00,0,0
1592995549,total,516.00,516.00,1032.00,516,516,9.00,9.00,18.00,9,9,0.00,0.00,0,0
1592995550,s1-eth1,0.00,0.00,0.00,0,0,0.00,0.00,0.00,0,0,0.00,0.00,0,0
1592995550,s1-eth2,0.00,0.00,0.00,0,0,0.00,0.00,0.00,0,0,0.00,0.00,0,0
1592995550,s2-eth1,0.00,0.00,0.00,0,0,0.00,0.00,0.00,0,0,0.00,0.00,0,0
1592995550,s2-eth2,0.00,0.00,0.00,0,0,0.00,0.00,0.00,0,0,0.00,0.00,0,0
1592995550,s3-eth1,0.00,0.00,0.00,0,0,0.00,0.00,0.00,0,0,0.00,0.00,0,0
1592995550,s3-eth2,0.00,0.00,0.00,0,0,0.00,0.00,0.00,0,0,0.00,0.00,0,0
1592995550,eth0,0.00,0.00,0.00,0,0,0.00,0.00,0.00,0,0,0.00,0.00,0,0
1592995550,lo,0.00,0.00,0.00,0,0,0.00,0.00,0.00,0,0,0.00,0.00,0,0
1592995550,total,0.00,0.00,0.00,0,0,0.00,0.00,0.00,0,0,0.00,0.00,0,0
1592995551,s1-eth1,0.00,0.00,0.00,0,0,0.00,0.00,0.00,0,0,0.00,0.00,0,0
1592995551,s1-eth2,0.00,0.00,0.00,0,0,0.00,0.00,0.00,0,0,0.00,0.00,0,0
1592995551,s2-eth1,0.00,0.00,0.00,0,0,0.00,0.00,0.00,0,0,0.00,0.00,0,0
1592995551,s2-eth2,0.00,0.00,0.00,0,0,0.00,0.00,0.00,0,0,0.00,0.00,0,0
1592995551,s3-eth1,0.00,0.00,0.00,0,0,0.00,0.00,0.00,0,0,0.00,0.00,0,0
1592995551,s3-eth2,0.00,0.00,0.00,0,0,0.00,0.00,0.00,0,0,0.00,0.00,0,0
1592995551,eth0,0.00,0.00,0.00,0,0,0.00,0.00,0.00,0,0,0.00,0.00,0,0
1592995551,lo,0.00,0.00,0.00,0,0,0.00,0.00,0.00,0,0,0.00,0.00,0,0
1592995551,total,0.00,0.00,0.00,0,0,0.00,0.00,0.00,0,0,0.00,0.00,0,0
1592995552,eth0,1428.00,852.00,2280.00,852,1428,13.00,13.00,26.00,13,13,0.00,0.00,0,0
1592995552,lo,1036.00,1036.00,2072.00,1036,1036,15.00,15.00,30.00,15,15,0.00,0.00,0,0
1592995552,total,18446744073709551616.00,18446744073709551616.00,18446744073709551616.00,18446744073685155109,18446744073685155943,18446744073709527040.00,18446744073709527040.00,18446744073709502464.00,18446744073709527526,18446744073709527529,0.00,0.00,0,0
1592995553,eth0,105.89,65.93,171.83,66,106,1.00,1.00,2.00,1,1,0.00,0.00,0,0
1592995553,lo,0.00,0.00,0.00,0,0,0.00,0.00,0.00,0,0,0.00,0.00,0,0
1592995553,total,105.89,65.93,171.83,66,106,1.00,1.00,2.00,1,1,0.00,0.00,0