1593016222,s1-eth1,0.00,0.00,0.00,0,0,0.00,0.00,0.00,0,0,0.00,0.00,0,0
1593016222,s1-eth3,0.00,0.00,0.00,0,0,0.00,0.00,0.00,0,0,0.00,0.00,0,0
1593016222,s1-eth2,0.00,0.00,0.00,0,0,0.00,0.00,0.00,0,0,0.00,0.00,0,0
1593016222,s6-eth1,0.00,0.00,0.00,0,0,0.00,0.00,0.00,0,0,0.00,0.00,0,0
1593016222,s6-eth3,0.00,0.00,0.00,0,0,0.00,0.00,0.00,0,0,0.00,0.00,0,0
1593016222,s2-eth1,0.00,0.00,0.00,0,0,0.00,0.00,0.00,0,0,0.00,0.00,0,0
1593016222,s2-eth2,0.00,0.00,0.00,0,0,0.00,0.00,0.00,0,0,0.00,0.00,0,0
1593016222,s7-eth1,0.00,0.00,0.00,0,0,0.00,0.00,0.00,0,0,0.00,0.00,0,0
1593016222,s7-eth3,0.00,0.00,0.00,0,0,0.00,0.00,0.00,0,0,0.00,0.00,0,0
1593016222,s8-eth1,0.00,0.00,0.00,0,0,0.00,0.00,0.00,0,0,0.00,0.00,0,0
1593016222,eth0,0.00,0.00,0.00,0,0,0.00,0.00,0.00,0,0,0.00,0.00,0,0
1593016222,lo,0.00,0.00,0.00,0,0,0.00,0.00,0.00,0,0,0.00,0.00,0,0
1593016222,s4-eth3,0.00,0.00,0.00,0,0,0.00,0.00,0.00,0,0,0.00,0.00,0,0
1593016222,s5-eth1,0.00,0.00,0.00,0,0,0.00,0.00,0.00,0,0,0.00,0.00,0,0
1593016222,s5-eth3,0.00,0.00,0.00,0,0,0.00,0.00,0.00,0,0,0.00,0.00,0,0
1593016222,total,0.00,0.00,0.00,0,0,0.00,0.00,0.00,0,0,0.00,0.00,0,0
1593016223,s1-eth1,1250727.25,27564.44,1278291.75,27592,1251978,832.17,417.58,1249.75,418,833,0.00,0.00,0,0
1593016223,s1-eth3,230.00,70.00,300.00,70,230,3.00,1.00,4.00,1,3,0.00,0.00,0,0
1593016223,s1-eth2,27662.00,1250394.00,1278056.00,1250394,27662,419.00,831.00,1250.00,831,419,0.00,0.00,0,0
1593016223,s6-eth1,0.00,0.00,0.00,0,0,0.00,0.00,0.00,0,0,0.00,0.00,0,0
1593016223,s6-eth3,0.00,0.00,0.00,0,0,0.00,0.00,0.00,0,0,0.00,0.00,0,0
1593016223,s2-eth1,70.00,230.00,300.00,230,70,1.00,3.00,4.00,3,1,0.00,0.00,0,0
1593016223,s2-eth2,230.00,70.00,300.00,70,230,3.00,1.00,4.00,1,3,0.00,0.00,0,0
1593016223,s7-eth1,0.00,0.00,0.00,0,0,0.00,0.00,0.00,0,0,0.00,0.00,0,0
1593016223,s7-eth3,0.00,0.00,0.00,0,0,0.00,0.00,0.00,0,0,0.00,0.00,0,0
1593016223,s8-eth1,0.00,0.00,0.00,0,0,0.00,0.00,0.00,0,0,0.00,0.00,0,0
1593016223,eth0,138.00,66.00,204.00,66,138,1.00,1.00,2.00,1,1,0.00,0.00,0,0
1593016223,lo,2236.00,2236.00,4472.00,2236,2236,25.00,25.00,50.00,25,25,0.00,0.00,0,0
1593016223,s4-eth3,0.00,0.00,0.00,0,0,0.00,0.00,0.00,0,0,0.00,0.00,0,0
1593016223,s5-eth1,0.00,0.00,0.00,0,0,0.00,0.00,0.00,0,0,0.00,0.00,0,0
1593016223,s5-eth3,0.00,0.00,0.00,0,0,0.00,0.00,0.00,0,0,0.00,0.00,0,0
1593016223,total,1282544.00,1280658.00,2563202.00,1280658,1282544,1285.00,1280.00,2565.00,1280,1285,0.00,0.00,0,0
1593016224,s1-eth1,1250412.00,27918.00,1278330.00,27918,1250412,830.00,423.00,1253.00,423,830,0.00,0.00,0,0
1593016224,s1-eth3,0.00,0.00,0.00,0,0,0.00,0.00,0.00,0,0,0.00,0.00,0,0
1593016224,s1-eth2,27918.00,1250412.00,1278330.00,1250412,27918,423.00,830.00,1253.00,830,423,0.00,0.00,0,0
1593016224,s6-eth1,0.00,0.00,0.00,0,0,0.00,0.00,0.00,0,0,0.00,0.00,0,0
1593016224,s6-eth3,0.00,0.00,0.00,0,0,0.00,0.00,0.00,0,0,0.00,0.00,0,0
1593016224,s2-eth1,0.00,0.00,0.00,0,0,0.00,0.00,0.00,0,0,0.00,0.00,0,0
1593016224,s2-eth2,0.00,0.00,0.00,0,0,0.00,0.00,0.00,0,0,0.00,0.00,0,0
1593016224,s7-eth1,0.00,0.00,0.00,0,0,0.00,0.00,0.00,0,0,0.00,0.00,0,0
1593016224,s7-eth3,0.00,0.00,0.00,0,0,0.00,0.00,0.00,0,0,0.00,0.00,0,0
1593016224,s8-eth1,0.00,0.00,0.00,0,0,0.00,0.00,0.00,0,0,0.00,0.00,0,0
1593016224,eth0,138.00,66.00,204.00,66,138,1.00,1.00,2.00,1,1,0.00,0.00,0,0
1593016224,lo,0.00,0.00,0.00,0,0,0.00,0.00,0.00,0,0,0.00,0.00,0,0
1593016224,s4-eth3,0.00,0.00,0.00,0,0,0.00,0.00,0.00,0,0,0.00,0.00,0,0
1593016224,s5-eth1,0.00,0.00,0.00,0,0,0.00,0.00,0.00,0,0,0.00,0.00,0,0
1593016224,s5-eth3,0.00,0.00,0.00,0,0,0.00,0.00,0.00,0,0,0.00,0.00,0,0
1593016224,total,1278468.00,1278396.00,2556864.00,1278396,1278468,1254.00,1254.00,2508.00,1254,1254,0.00,0.00,0,0
1593016225,s1-eth1,1251108.00,28116.00,1279224.00,28116,1251108,830.00,426.00,1256.00,426,830,0.00,0.00,0,0
1593016225,s1-eth3,0.00,0.00,0.00,0,0,0.00,0.00,0.00,0,0,0.00,0.00,0,0
1593016225,s1-eth2,28182.00,1251108.00,1279290.00,1251108,28182,427.00,830.00,1257.00,830,427,0.00,0.00,0,0
1593016225,s6-eth1,0.00,0.00,0.00,0,0,0.00,0.00,0.00,0,0,0.00,0.00,0,0
1593016225,s6-eth3,0.00,0.00,0.00,0,0,0.00,0.00,0.00,0,0,0.00,0.00,0,0
1593016225,s2-eth1,0.00,0.00,0.00,0,0,0.00,0.00,0.00,0,0,0.00,0.00,0,0
1593016225,s2-eth2,0.00,0.00,0.00,0,0,0.00,0.00,0.00,0,0,0.00,0.00,0,0
1593016225,s7-eth1,0.00,0.00,0.00,0,0,0.00,0.00,0.00,0,0,0.00,0.00,0,0
1593016225,s7-eth3,0.00,0.00,0.00,0,0,0.00,0.00,0.00,0,0,0.00,0.00,0,0
1593016225,s8-eth1,0.00,0.00,0.00,0,0,0.00,0.00,0.00,0,0,0.00,0.00,0,0
1593016225,eth0,138.00,66.00,204.00,66,138,1.00,1.00,2.00,1,1,0.00,0.00,0,0
1593016225,lo,0.00,0.00,0.00,0,0,0.00,0.00,0.00,0,0,0.00,0.00,0,0
1593016225,s4-eth3,0.00,0.00,0.00,0,0,0.00,0.00,0.00,0,0,0.00,0.00,0,0
1593016225,s5-eth1,0.00,0.00,0.00,0,0,0.00,0.00,0.00,0,0,0.00,0.00,0,0
1593016225,s5-eth3,0.00,0.00,0.00,0,0,0.00,0.00,0.00,0,0,0.00,0.00,0,0
1593016225,total,1279428.00,1279290.00,2558718.00,1279290,1279428,1258.00,1257.00,2515.00,1257,1258,0.00,0.00,0,0
1593016226,s1-eth1,1250398.00,27894.00,1278292.00,27894,1250398,831.00,423.00,1254.00,423,831,0.00,0.00,0,0
1593016226,s1-eth3,42.00,84.00,126.00,84,42,1.00,2.00,3.00,2,1,0.00,0.00,0,0
1593016226,s1-eth2,27828.00,1250356.00,1278184.00,1250356,27828,422.00,830.00,1252.00,830,422,0.00,0.00,0,0
1593016226,s6-eth1,0.00,0.00,0.00,0,0,0.00,0.00,0.00,0,0,0.00,0.00,0,0
1593016226,s6-eth3,0.00,0.00,0.00,0,0,0.00,0.00,0.00,0,0,0.00,0.00,0,0
1593016226,s2-eth1,84.00,42.00,126.00,42,84,2.00,1.00,3.00,1,2,0.00,0.00,0,0
1593016226,s2-eth2,42.00,84.00,126.00,84,42,1.00,2.00,3.00,2,1,0.00,0.00,0,0
1593016226,s7-eth1,0.00,0.00,0.00,0,0,0.00,0.00,0.00,0,0,0.00,0.00,0,0
1593016226,s7-eth3,0.00,0.00,0.00,0,0,0.00,0.00,0.00,0,0,0.00,0.00,0,0
1593016226,s8-eth1,0.00,0.00,0.00,0,0,0.00,0.00,0.00,0,0,0.00,0.00,0,0
1593016226,eth0,138.00,66.00,204.00,66,138,1.00,1.00,2.00,1,1,0.00,0.00,0,0
1593016226,lo,1568.00,1568.00,3136.00,1568,1568,14.00,14.00,28.00,14,14,0.00,0.00,0,0
1593016226,s4-eth3,0.00,0.00,0.00,0,0,0.00,0.00,0.00,0,0,0.00,0.00,0,0
1593016226,s5-eth1,0.00,0.00,0.00,0,0,0.00,0.00,0.00,0,0,0.00,0.00,0,0
1593016226,s5-eth3,0.00,0.00,0.00,0,0,0.00,0.00,0.00,0,0,0.00,0.00,0,0
1593016226,total,1280100.00,1280094.00,2560194.00,1280094,1280100,1272.00,1273.00,2545.00,1273,1272,0.00,0.00,0,0
1593016227,s1-eth1,1250430.00,27922.00,1278352.00,27922,1250430,831.00,423.00,1254.00,423,831,0.00,0.00,0,0
1593016227,s1-eth3,182.00,70.00,252.00,70,182,3.00,1.00,4.00,1,3,0.00,0.00,0,0
1593016227,s1-eth2,28058.00,1250402.00,1278460.00,1250402,28058,425.00,831.00,1256.00,831,425,0.00,0.00,0,0
1593016227,s6-eth1,0.00,0.00,0.00,0,0,0.00,0.00,0.00,0,0,0.00,0.00,0,0
1593016227,s6-eth3,0.00,0.00,0.00,0,0,0.00,0.00,0.00,0,0,0.00,0.00,0,0
1593016227,s2-eth1,70.00,182.00,252.00,182,70,1.00,3.00,4.00,3,1,0.00,0.00,0,0
1593016227,s2-eth2,182.00,70.00,252.00,70,182,3.00,1.00,4.00,1,3,0.00,0.00,0,0
1593016227,s7-eth1,0.00,0.00,0.00,0,0,0.00,0.00,0.00,0,0,0.00,0.00,0,0
1593016227,s7-eth3,0.00,0.00,0.00,0,0,0.00,0.00,0.00,0,0,0.00,0.00,0,0
1593016227,s8-eth1,0.00,0.00,0.00,0,0,0.00,0.00,0.00,0,0,0.00,0.00,0,0
1593016227,eth0,138.00,66.00,204.00,66,138,1.00,1.00,2.00,1,1,0.00,0.00,0,0
1593016227,lo,3200.00,3200.00,6400.00,3200,3200,42.00,42.00,84.00,42,42,0.00,0.00,0,0
1593016227,s4-eth3,0.00,0.00,0.00,0,0,0.00,0.00,0.00,0,0,0.00,0.00,0,0
1593016227,s5-eth1,0.00,0.00,0.00,0,0,0.00,0.00,0.00,0,0,0.00,0.00,0,0
1593016227,s5-eth3,0.00,0.00,0.00,0,0,0.00,0.00,0.00,0,0,0.00,0.00,0,0
1593016227,total,1282260.00,1281912.00,2564172.00,1281912,1282260,1306.00,1302.00,2608.00,1302,1306,0.00,0.00,0,0
1593016228,s1-eth1,1249472.00,27678.00,1277150.00,27678,1249472,828.00,419.00,1247.00,419,828,0.00,0.00,0,0
1593016228,s1-eth3,90.00,0.00,90.00,0,90,1.00,0.00,1.00,0,1,0.00,0.00,0,0
1593016228,s1-eth2,27678.00,1250986.00,1278664.00,1250986,27678,419.00,829.00,1248.00,829,419,0.00,0.00,0,0
1593016228,s6-eth1,0.00,0.00,0.00,0,0,0.00,0.00,0.00,0,0,0.00,0.00,0,0
1593016228,s6-eth3,0.00,0.00,0.00,0,0,0.00,0.00,0.00,0,0,0.00,0.00,0,0
1593016228,s2-eth1,0.00,90.00,90.00,90,0,0.00,1.00,1.00,1,0,0.00,0.00,0,0
1593016228,s2-eth2,90.00,0.00,90.00,0,90,1.00,0.00,1.00,0,1,0.00,0.00,0,0
1593016228,s7-eth1,0.00,0.00,0.00,0,0,0.00,0.00,0.00,0,0,0.00,0.00,0,0
1593016228,s7-eth3,0.00,0.00,0.00,0,0,0.00,0.00,0.00,0,0,0.00,0.00,0,0
1593016228,s8-eth1,0.00,0.00,0.00,0,0,0.00,0.00,0.00,0,0,0.00,0.00,0,0
1593016228,eth0,138.00,66.00,204.00,66,138,1.00,1.00,2.00,1,1,0.00,0.00,0,0
1593016228,lo,576.00,576.00,1152.00,576,576,6.00,6.00,12.00,6,6,0.00,0.00,0,0
1593016228,s4-eth3,0.00,0.00,0.00,0,0,0.00,0.00,0.00,0,0,0.00,0.00,0,0
1593016228,s5-eth1,0.00,0.00,0.00,0,0,0.00,0.00,0.00,0,0,0.00,0.00,0,0
1593016228,s5-eth3,0.00,0.00,0.00,0,0,0.00,0.00,0.00,0,0,0.00,0.00,0,0
1593016228,total,1278044.00,1279396.00,2557440.00,1279396,1278044,1256.00,1256.00,2512.00,1256,1256,0.00,0.00,0,0
1593016229,s1-eth1,1251804.00,28380.00,1280184.00,28380,1251804,830.00,430.00,1260.00,430,830,0.00,0.00,0,0
1593016229,s1-eth3,0.00,0.00,0.00,0,0,0.00,0.00,0.00,0,0,0.00,0.00,0,0
1593016229,s1-eth2,28314.00,1250290.00,1278604.00,1250290,28314,429.00,829.00,1258.00,829,429,0.00,0.00,0,0
1593016229,s6-eth1,0.00,0.00,0.00,0,0,0.00,0.00,0.00,0,0,0.00,0.00,0,0
1593016229,s6-eth3,0.00,0.00,0.00,0,0,0.00,0.00,0.00,0,0,0.00,0.00,0,0
1593016229,s2-eth1,0.00,0.00,0.00,0,0,0.00,0.00,0.00,0,0,0.00,0.00,0,0
1593016229,s2-eth2,0.00,0.00,0.00,0,0,0.00,0.00,0.00,0,0,0.00,0.00,0,0
1593016229,s7-eth1,0.00,0.00,0.00,0,0,0.00,0.00,0.00,0,0,0.00,0.00,0,0
1593016229,s7-eth3,0.00,0.00,0.00,0,0,0.00,0.00,0.00,0,0,0.00,0.00,0,0
1593016229,s8-eth1,0.00,0.00,0.00,0,0,0.00,0.00,0.00,0,0,0.00,0.00,0,0
1593016229,eth0,138.00,66.00,204.00,66,138,1.00,1.00,2.00,1,1,0.00,0.00,0,0
1593016229,lo,0.00,0.00,0.00,0,0,0.00,0.00,0.00,0,0,0.00,0.00,0,0
1593016229,s4-eth3,0.00,0.00,0.00,0,0,0.00,0.00,0.00,0,0,0.00,0.00,0,0
1593016229,s5-eth1,0.00,0.00,0.00,0,0,0.00,0.00,0.00,0,0,0.00,0.00,0,0
1593016229,s5-eth3,0.00,0.00,0.00,0,0,0.00,0.00,0.00,0,0,0.00,0.00,0,0
1593016229,total,1280256.00,1278736.00,2558992.00,1278736,1280256,1260.00,1260.00,2520.00,1260,1260,0.00,0.00,0,0
1593016230,s1-eth1,1250290.00,28710.00,1279000.00,28710,1250290,829.00,435.00,1264.00,435,829,0.00,0.00,0,0
1593016230,s1-eth3,0.00,0.00,0.00,0,0,0.00,0.00,0.00,0,0,0.00,0.00,0,0
1593016230,s1-eth2,28776.00,1250290.00,1279066.00,1250290,28776,436.00,829.00,1265.00,829,436,0.00,0.00,0,0
1593016230,s6-eth1,0.00,0.00,0.00,0,0,0.00,0.00,0.00,0,0,0.00,0.00,0,0
1593016230,s6-eth3,0.00,0.00,0.00,0,0,0.00,0.00,0.00,0,0,0.00,0.00,0,0
1593016230,s2-eth1,0.00,0.00,0.00,0,0,0.00,0.00,0.00,0,0,0.00,0.00,0,0
1593016230,s2-eth2,0.00,0.00,0.00,0,0,0.00,0.00,0.00,0,0,0.00,0.00,0,0
1593016230,s7-eth1,0.00,0.00,0.00,0,0,0.00,0.00,0.00,0,0,0.00,0.00,0,0
1593016230,s7-eth3,0.00,0.00,0.00,0,0,0.00,0.00,0.00,0,0,0.00,0.00,0,0
1593016230,s8-eth1,0.00,0.00,0.00,0,0,0.00,0.00,0.00,0,0,0.00,0.00,0,0
1593016230,eth0,138.00,66.00,204.00,66,138,1.00,1.00,2.00,1,1,0.00,0.00,0,0
1593016230,lo,0.00,0.00,0.00,0,0,0.00,0.00,0.00,0,0,0.00,0.00,0,0
1593016230,s4-eth3,0.00,0.00,0.00,0,0,0.00,0.00,0.00,0,0,0.00,0.00,0,0
1593016230,s5-eth1,0.00,0.00,0.00,0,0,0.00,0.00,0.00,0,0,0.00,0.00,0,0
1593016230,s5-eth3,0.00,0.00,0.00,0,0,0.00,0.00,0.00,0,0,0.00,0.00,0,0
1593016230,total,1279204.00,1279066.00,2558270.00,1279066,1279204,1266.00,1265.00,2531.00,1265,1266,0.00,0.00,0,0
1593016231,s1-eth1,1251050.00,27460.00,1278510.00,27460,1251050,829.00,416.00,1245.00,416,829,0.00,0.00,0,0
1593016231,s1-eth3,140.00,70.00,210.00,70,140,2.00,1.00,3.00,1,2,0.00,0.00,0,0
1593016231,s1-eth2,27464.00,1250980.00,1278444.00,1250980,27464,416.00,828.00,1244.00,828,416,0.00,0.00,0,0
1593016231,s6-eth1,0.00,0.00,0.00,0,0,0.00,0.00,0.00,0,0,0.00,0.00,0,0
1593016231,s6-eth3,0.00,0.00,0.00,0,0,0.00,0.00,0.00,0,0,0.00,0.00,0,0
1593016231,s2-eth1,70.00,140.00,210.00,140,70,1.00,2.00,3.00,2,1,0.00,0.00,0,0
1593016231,s2-eth2,140.00,70.00,210.00,70,140,2.00,1.00,3.00,1,2,0.00,0.00,0,0
1593016231,s7-eth1,0.00,0.00,0.00,0,0,0.00,0.00,0.00,0,0,0.00,0.00,0,0
1593016231,s7-eth3,0.00,0.00,0.00,0,0,0.00,0.00,0.00,0,0,0.00,0.00,0,0
1593016231,s8-eth1,0.00,0.00,0.00,0,0,0.00,0.00,0.00,0,0,0.00,0.00,0,0
1593016231,eth0,138.00,66.00,204.00,66,138,1.00,1.00,2.00,1,1,0.00,0.00,0,0
1593016231,lo,1608.00,1608.00,3216.00,1608,1608,18.00,18.00,36.00,18,18,0.00,0.00,0,0
1593016231,s4-eth3,0.00,0.00,0.00,0,0,0.00,0.00,0.00,0,0,0.00,0.00,0,0
1593016231,s5-eth1,0.00,0.00,0.00,0,0,0.00,0.00,0.00,0,0,0.00,0.00,0,0
1593016231,s5-eth3,0.00,0.00,0.00,0,0,0.00,0.00,0.00,0,0,0.00,0.00,0,0
1593016231,total,1280610.00,1280394.00,2561004.00,1280394,1280610,1269.00,1267.00,2536.00,1267,1269,0.00,0.00,0,0
1593016232,s1-eth1,1249406.00,27258.00,1276664.00,27258,1249406,827.00,413.00,1240.00,413,827,0.00,0.00,0,0
1593016232,s1-eth3,0.00,0.00,0.00,0,0,0.00,0.00,0.00,0,0,0.00,0.00,0,0
1593016232,s1-eth2,27324.00,1249406.00,1276730.00,1249406,27324,414.00,827.00,1241.00,827,414,0.00,0.00,0,0
1593016232,s6-eth1,0.00,0.00,0.00,0,0,0.00,0.00,0.00,0,0,0.00,0.00,0,0
1593016232,s6-eth3,0.00,0.00,0.00,0,0,0.00,0.00,0.00,0,0,0.00,0.00,0,0
1593016232,s2-eth1,0.00,0.00,0.00,0,0,0.00,0.00,0.00,0,0,0.00,0.00,0,0
1593016232,s2-eth2,0.00,0.00,0.00,0,0,0.00,0.00,0.00,0,0,0.00,0.00,0,0
1593016232,s7-eth1,0.00,0.00,0.00,0,0,0.00,0.00,0.00,0,0,0.00,0.00,0,0
1593016232,s7-eth3,0.00,0.00,0.00,0,0,0.00,0.00,0.00,0,0,0.00,0.00,0,0
1593016232,s8-eth1,0.00,0.00,0.00,0,0,0.00,0.00,0.00,0,0,0.00,0.00,0,0
1593016232,eth0,138.00,66.00,204.00,66,138,1.00,1.00,2.00,1,1,0.00,0.00,0,0
1593016232,lo,688.00,688.00,1376.00,688,688,12.00,12.00,24.00,12,12,0.00,0.00,0,0
1593016232,s4-eth3,0.00,0.00,0.00,0,0,0.00,0.00,0.00,0,0,0.00,0.00,0,0
1593016232,s5-eth1,0.00,0.00,0.00,0,0,0.00,0.00,0.00,0,0,0.00,0.00,0,0
1593016232,s5-eth3,0.00,0.00,0.00,0,0,0.00,0.00,0.00,0,0,0.00,0.00,0,0
1593016232,total,1277556.00,1277418.00,2554974.00,1277418,1277556,1254.00,1253.00,2507.00,1253,1254,0.00,0.00,0,0
1593016233,s1-eth1,1250224.00,27390.00,1277614.00,27390,1250224,828.00,415.00,1243.00,415,828,0.00,0.00,0,0
1593016233,s1-eth3,0.00,0.00,0.00,0,0,0.00,0.00,0.00,0,0,0.00,0.00,0,0
1593016233,s1-eth2,27390.00,1251738.00,1279128.00,1251738,27390,415.00,829.00,1244.00,829,415,0.00,0.00,0,0
1593016233,s6-eth1,0.00,0.00,0.00,0,0,0.00,0.00,0.00,0,0,0.00,0.00,0,0
1593016233,s6-eth3,0.00,0.00,0.00,0,0,0.00,0.00,0.00,0,0,0.00,0.00,0,0
1593016233,s2-eth1,0.00,0.00,0.00,0,0,0.00,0.00,0.00,0,0,0.00,0.00,0,0
1593016233,s2-eth2,0.00,0.00,0.00,0,0,0.00,0.00,0.00,0,0,0.00,0.00,0,0
1593016233,s7-eth1,0.00,0.00,0.00,0,0,0.00,0.00,0.00,0,0,0.00,0.00,0,0
1593016233,s7-eth3,0.00,0.00,0.00,0,0,0.00,0.00,0.00,0,0,0.00,0.00,0,0
1593016233,s8-eth1,0.00,0.00,0.00,0,0,0.00,0.00,0.00,0,0,0.00,0.00,0,0
1593016233,eth0,138.00,66.00,204.00,66,138,1.00,1.00,2.00,1,1,0.00,0.00,0,0
1593016233,lo,0.00,0.00,0.00,0,0,0.00,0.00,0.00,0,0,0.00,0.00,0,0
1593016233,s4-eth3,0.00,0.00,0.00,0,0,0.00,0.00,0.00,0,0,0.00,0.00,0,0
1593016233,s5-eth1,0.00,0.00,0.00,0,0,0.00,0.00,0.00,0,0,0.00,0.00,0,0
1593016233,s5-eth3,0.00,0.00,0.00,0,0,0.00,0.00,0.00,0,0,0.00,0.00,0,0
1593016233,total,1277752.00,1279194.00,2556946.00,1279194,1277752,1244.00,1245.00,2489.00,1245,1244,0.00,0.00,0,0
1593016234,s1-eth1,1251794.00,27654.00,1279448.00,27654,1251794,829.00,419.00,1248.00,419,829,0.00,0.00,0,0
1593016234,s1-eth3,0.00,0.00,0.00,0,0,0.00,0.00,0.00,0,0,0.00,0.00,0,0
1593016234,s1-eth2,27654.00,1250280.00,1277934.00,1250280,27654,419.00,828.00,1247.00,828,419,0.00,0.00,0,0
1593016234,s6-eth1,0.00,0.00,0.00,0,0,0.00,0.00,0.00,0,0,0.00,0.00,0,0
1593016234,s6-eth3,0.00,0.00,0.00,0,0,0.00,0.00,0.00,0,0,0.00,0.00,0,0
1593016234,s2-eth1,0.00,0.00,0.00,0,0,0.00,0.00,0.00,0,0,0.00,0.00,0,0
1593016234,s2-eth2,0.00,0.00,0.00,0,0,0.00,0.00,0.00,0,0,0.00,0.00,0,0
1593016234,s7-eth1,0.00,0.00,0.00,0,0,0.00,0.00,0.00,0,0,0.00,0.00,0,0
1593016234,s7-eth3,0.00,0.00,0.00,0,0,0.00,0.00,0.00,0,0,0.00,0.00,0,0
1593016234,s8-eth1,0.00,0.00,0.00,0,0,0.00,0.00,0.00,0,0,0.00,0.00,0,0
1593016234,eth0,138.00,66.00,204.00,66,138,1.00,1.00,2.00,1,1,0.00,0.00,0,0
1593016234,lo,0.00,0.00,0.00,0,0,0.00,0.00,0.00,0,0,0.00,0.00,0,0
1593016234,s4-eth3,0.00,0.00,0.00,0,0,0.00,0.00,0.00,0,0,0.00,0.00,0,0
1593016234,s5-eth1,0.00,0.00,0.00,0,0,0.00,0.00,0.00,0,0,0.00,0.00,0,0
1593016234,s5-eth3,0.00,0.00,0.00,0,0,0.00,0.00,0.00,0,0,0.00,0.00,0,0
1593016234,total,1279586.00,1278000.00,2557586.00,1278000,1279586,1249.00,1248.00,2497.00,1248,1249,0.00,0.00,0,0
1593016235,s1-eth1,1250102.00,27522.00,1277624.00,27522,1250102,827.00,417.00,1244.00,417,827,0.00,0.00,0,0
1593016235,s1-eth3,0.00,0.00,0.00,0,0,0.00,0.00,0.00,0,0,0.00,0.00,0,0
1593016235,s1-eth2,27456.00,1250102.00,1277558.00,1250102,27456,416.00,827.00,1243.00,827,416,0.00,0.00,0,0
1593016235,s6-eth1,0.00,0.00,0.00,0,0,0.00,0.00,0.00,0,0,0.00,0.00,0,0
1593016235,s6-eth3,0.00,0.00,0.00,0,0,0.00,0.00,0.00,0,0,0.00,0.00,0,0
1593016235,s2-eth1,0.00,0.00,0.00,0,0,0.00,0.00,0.00,0,0,0.00,0.00,0,0
1593016235,s2-eth2,0.00,0.00,0.00,0,0,0.00,0.00,0.00,0,0,0.00,0.00,0,0
1593016235,s7-eth1,0.00,0.00,0.00,0,0,0.00,0.00,0.00,0,0,0.00,0.00,0,0
1593016235,s7-eth3,0.00,0.00,0.00,0,0,0.00,0.00,0.00,0,0,0.00,0.00,0,0
1593016235,s8-eth1,0.00,0.00,0.00,0,0,0.00,0.00,0.00,0,0,0.00,0.00,0,0
1593016235,eth0,198.00,126.00,324.00,126,198,2.00,2.00,4.00,2,2,0.00,0.00,0,0
1593016235,lo,0.00,0.00,0.00,0,0,0.00,0.00,0.00,0,0,0.00,0.00,0,0
1593016235,s4-eth3,0.00,0.00,0.00,0,0,0.00,0.00,0.00,0,0,0.00,0.00,0,0
1593016235,s5-eth1,0.00,0.00,0.00,0,0,0.00,0.00,0.00,0,0,0.00,0.00,0,0
1593016235,s5-eth3,0.00,0.00,0.00,0,0,0.00,0.00,0.00,0,0,0.00,0.00,0,0
1593016235,total,1277756.00,1277750.00,2555506.00,1277750,1277756,1245.00,1246.00,2491.00,1246,1245,0.00,0.00,0,0
1593016236,s1-eth1,1250046.00,27324.00,1277370.00,27324,1250046,827.00,414.00,1241.00,414,827,0.00,0.00,0,0
1593016236,s1-eth3,0.00,0.00,0.00,0,0,0.00,0.00,0.00,0,0,0.00,0.00,0,0
1593016236,s1-eth2,27324.00,1250046.00,1277370.00,1250046,27324,414.00,827.00,1241.00,827,414,0.00,0.00,0,0
1593016236,s6-eth1,0.00,0.00,0.00,0,0,0.00,0.00,0.00,0,0,0.00,0.00,0,0
1593016236,s6-eth3,0.00,0.00,0.00,0,0,0.00,0.00,0.00,0,0,0.00,0.00,0,0
1593016236,s2-eth1,0.00,0.00,0.00,0,0,0.00,0.00,0.00,0,0,0.00,0.00,0,0
1593016236,s2-eth2,0.00,0.00,0.00,0,0,0.00,0.00,0.00,0,0,0.00,0.00,0,0
1593016236,s7-eth1,0.00,0.00,0.00,0,0,0.00,0.00,0.00,0,0,0.00,0.00,0,0
1593016236,s7-eth3,0.00,0.00,0.00,0,0,0.00,0.00,0.00,0,0,0.00,0.00,0,0
1593016236,s8-eth1,0.00,0.00,0.00,0,0,0.00,0.00,0.00,0,0,0.00,0.00,0,0
1593016236,eth0,138.00,66.00,204.00,66,138,1.00,1.00,2.00,1,1,0.00,0.00,0,0
1593016236,lo,344.00,344.00,688.00,344,344,6.00,6.00,12.00,6,6,0.00,0.00,0,0
1593016236,s4-eth3,0.00,0.00,0.00,0,0,0.00,0.00,0.00,0,0,0.00,0.00,0,0
1593016236,s5-eth1,0.00,0.00,0.00,0,0,0.00,0.00,0.00,0,0,0.00,0.00,0,0
1593016236,s5-eth3,0.00,0.00,0.00,0,0,0.00,0.00,0.00,0,0,0.00,0.00,0,0
1593016236,total,1277852.00,1277780.00,2555632.00,1277780,1277852,1248.00,1248.00,2496.00,1248,1248,0.00,0.00,0,0
1593016237,s1-eth1,1250270.00,27324.00,1277594.00,27324,1250270,827.00,414.00,1241.00,414,827,0.00,0.00,0,0
1593016237,s1-eth3,0.00,0.00,0.00,0,0,0.00,0.00,0.00,0,0,0.00,0.00,0,0
1593016237,s1-eth2,27258.00,1250270.00,1277528.00,1250270,27258,413.00,827.00,1240.00,827,413,0.00,0.00,0,0
1593016237,s6-eth1,0.00,0.00,0.00,0,0,0.00,0.00,0.00,0,0,0.00,0.00,0,0
1593016237,s6-eth3,0.00,0.00,0.00,0,0,0.00,0.00,0.00,0,0,0.00,0.00,0,0
1593016237,s2-eth1,0.00,0.00,0.00,0,0,0.00,0.00,0.00,0,0,0.00,0.00,0,0
1593016237,s2-eth2,0.00,0.00,0.00,0,0,0.00,0.00,0.00,0,0,0.00,0.00,0,0
1593016237,s7-eth1,0.00,0.00,0.00,0,0,0.00,0.00,0.00,0,0,0.00,0.00,0,0
1593016237,s7-eth3,0.00,0.00,0.00,0,0,0.00,0.00,0.00,0,0,0.00,0.00,0,0
1593016237,s8-eth1,0.00,0.00,0.00,0,0,0.00,0.00,0.00,0,0,0.00,0.00,0,0
1593016237,eth0,138.00,66.00,204.00,66,138,1.00,1.00,2.00,1,1,0.00,0.00,0,0
1593016237,lo,688.00,688.00,1376.00,688,688,12.00,12.00,24.00,12,12,0.00,0.00,0,0
1593016237,s4-eth3,0.00,0.00,0.00,0,0,0.00,0.00,0.00,0,0,0.00,0.00,0,0
1593016237,s5-eth1,0.00,0.00,0.00,0,0,0.00,0.00,0.00,0,0,0.00,0.00,0,0
1593016237,s5-eth3,0.00,0.00,0.00,0,0,0.00,0.00,0.00,0,0,0.00,0.00,0,0
1593016237,total,1278354.00,1278348.00,2556702.00,1278348,1278354,1253.00,1254.00,2507.00,1254,1253,0.00,0.00,0,0
1593016238,s1-eth1,1250158.00,27324.00,1277482.00,27324,1250158,827.00,414.00,1241.00,414,827,0.00,0.00,0,0
1593016238,s1-eth3,0.00,0.00,0.00,0,0,0.00,0.00,0.00,0,0,0.00,0.00,0,0
1593016238,s1-eth2,27456.00,1250158.00,1277614.00,1250158,27456,416.00,827.00,1243.00,827,416,0.00,0.00,0,0
1593016238,s6-eth1,0.00,0.00,0.00,0,0,0.00,0.00,0.00,0,0,0.00,0.00,0,0
1593016238,s6-eth3,0.00,0.00,0.00,0,0,0.00,0.00,0.00,0,0,0.00,0.00,0,0
1593016238,s2-eth1,0.00,0.00,0.00,0,0,0.00,0.00,0.00,0,0,0.00,0.00,0,0
1593016238,s2-eth2,0.00,0.00,0.00,0,0,0.00,0.00,0.00,0,0,0.00,0.00,0,0
1593016238,s7-eth1,0.00,0.00,0.00,0,0,0.00,0.00,0.00,0,0,0.00,0.00,0,0
1593016238,s7-eth3,0.00,0.00,0.00,0,0,0.00,0.00,0.00,0,0,0.00,0.00,0,0
1593016238,s8-eth1,0.00,0.00,0.00,0,0,0.00,0.00,0.00,0,0,0.00,0.00,0,0
1593016238,eth0,138.00,66.00,204.00,66,138,1.00,1.00,2.00,1,1,0.00,0.00,0,0
1593016238,lo,0.00,0.00,0.00,0,0,0.00,0.00,0.00,0,0,0.00,0.00,0,0
1593016238,s4-eth3,0.00,0.00,0.00,0,0,0.00,0.00,0.00,0,0,0.00,0.00,0,0
1593016238,s5-eth1,0.00,0.00,0.00,0,0,0.00,0.00,0.00,0,0,0.00,0.00,0,0
1593016238,s5-eth3,0.00,0.00,0.00,0,0,0.00,0.00,0.00,0,0,0.00,0.00,0,0
1593016238,total,1277752.00,1277548.00,2555300.00,1277548,1277752,1244.00,1242.00,2486.00,1242,1244,0.00,0.00,0,0
1593016239,s1-eth1,1250158.00,27390.00,1277548.00,27390,1250158,827.00,415.00,1242.00,415,827,0.00,0.00,0,0
1593016239,s1-eth3,0.00,0.00,0.00,0,0,0.00,0.00,0.00,0,0,0.00,0.00,0,0
1593016239,s1-eth2,27324.00,1251672.00,1278996.00,1251672,27324,414.00,828.00,1242.00,828,414,0.00,0.00,0,0
1593016239,s6-eth1,0.00,0.00,0.00,0,0,0.00,0.00,0.00,0,0,0.00,0.00,0,0
1593016239,s6-eth3,0.00,0.00,0.00,0,0,0.00,0.00,0.00,0,0,0.00,0.00,0,0
1593016239,s2-eth1,0.00,0.00,0.00,0,0,0.00,0.00,0.00,0,0,0.00,0.00,0,0
1593016239,s2-eth2,0.00,0.00,0.00,0,0,0.00,0.00,0.00,0,0,0.00,0.00,0,0
1593016239,s7-eth1,0.00,0.00,0.00,0,0,0.00,0.00,0.00,0,0,0.00,0.00,0,0
1593016239,s7-eth3,0.00,0.00,0.00,0,0,0.00,0.00,0.00,0,0,0.00,0.00,0,0
1593016239,s8-eth1,0.00,0.00,0.00,0,0,0.00,0.00,0.00,0,0,0.00,0.00,0,0
1593016239,eth0,138.00,66.00,204.00,66,138,1.00,1.00,2.00,1,1,0.00,0.00,0,0
1593016239,lo,0.00,0.00,0.00,0,0,0.00,0.00,0.00,0,0,0.00,0.00,0,0
1593016239,s4-eth3,0.00,0.00,0.00,0,0,0.00,0.00,0.00,0,0,0.00,0.00,0,0
1593016239,s5-eth1,0.00,0.00,0.00,0,0,0.00,0.00,0.00,0,0,0.00,0.00,0,0
1593016239,s5-eth3,0.00,0.00,0.00,0,0,0.00,0.00,0.00,0,0,0.00,0.00,0,0
1593016239,total,1277620.00,1279128.00,2556748.00,1279128,1277620,1242.00,1244.00,2486.00,1244,1242,0.00,0.00,0,0
1593016240,s1-eth1,1248193.25,27215.14,1275408.38,27324,1253186,825.70,412.35,1238.05,414,829,0.00,0.00,0,0
1593016240,s1-eth3,0.00,0.00,0.00,0,0,0.00,0.00,0.00,0,0,0.00,0.00,0,0
1593016240,s1-eth2,27280.88,1249701.25,1276982.12,1254700,27390,413.35,826.69,1240.04,830,415,0.00,0.00,0,0
1593016240,s6-eth1,0.00,0.00,0.00,0,0,0.00,0.00,0.00,0,0,0.00,0.00,0,0
1593016240,s6-eth3,0.00,0.00,0.00,0,0,0.00,0.00,0.00,0,0,0.00,0.00,0,0
1593016240,s2-eth1,0.00,0.00,0.00,0,0,0.00,0.00,0.00,0,0,0.00,0.00,0,0
1593016240,s2-eth2,0.00,0.00,0.00,0,0,0.00,0.00,0.00,0,0,0.00,0.00,0,0
1593016240,s7-eth1,0.00,0.00,0.00,0,0,0.00,0.00,0.00,0,0,0.00,0.00,0,0
1593016240,s7-eth3,0.00,0.00,0.00,0,0,0.00,0.00,0.00,0,0,0.00,0.00,0,0
1593016240,s8-eth1,0.00,0.00,0.00,0,0,0.00,0.00,0.00,0,0,0.00,0.00,0,0
1593016240,eth0,137.45,65.74,203.19,66,138,1.00,1.00,1.99,1,1,0.00,0.00,0,0
1593016240,lo,0.00,0.00,0.00,0,0,0.00,0.00,0.00,0,0,0.00,0.00,0,0
1593016240,s4-eth3,0.00,0.00,0.00,0,0,0.00,0.00,0.00,0,0,0.00,0.00,0,0
1593016240,s5-eth1,0.00,0.00,0.00,0,0,0.00,0.00,0.00,0,0,0.00,0.00,0,0
1593016240,s5-eth3,0.00,0.00,0.00,0,0,0.00,0.00,0.00,0,0,0.00,0.00,0,0
1593016240,total,1275611.62,1276982.12,2552593.75,1282090,1280714,1240.04,1240.04,2480.08,1245,1245,0.00,0.00,0,0
1593016241,s1-eth1,1254126.00,27522.00,1281648.00,27522,1254126,831.00,417.00,1248.00,417,831,0.00,0.00,0,0
1593016241,s1-eth3,0.00,0.00,0.00,0,0,0.00,0.00,0.00,0,0,0.00,0.00,0,0
1593016241,s1-eth2,27456.00,1251098.00,1278554.00,1251098,27456,416.00,829.00,1245.00,829,416,0.00,0.00,0,0
1593016241,s6-eth1,0.00,0.00,0.00,0,0,0.00,0.00,0.00,0,0,0.00,0.00,0,0
1593016241,s6-eth3,0.00,0.00,0.00,0,0,0.00,0.00,0.00,0,0,0.00,0.00,0,0
1593016241,s2-eth1,0.00,0.00,0.00,0,0,0.00,0.00,0.00,0,0,0.00,0.00,0,0
1593016241,s2-eth2,0.00,0.00,0.00,0,0,0.00,0.00,0.00,0,0,0.00,0.00,0,0
1593016241,s7-eth1,0.00,0.00,0.00,0,0,0.00,0.00,0.00,0,0,0.00,0.00,0,0
1593016241,s7-eth3,0.00,0.00,0.00,0,0,0.00,0.00,0.00,0,0,0.00,0.00,0,0
1593016241,s8-eth1,0.00,0.00,0.00,0,0,0.00,0.00,0.00,0,0,0.00,0.00,0,0
1593016241,eth0,138.00,66.00,204.00,66,138,1.00,1.00,2.00,1,1,0.00,0.00,0,0
1593016241,lo,344.00,344.00,688.00,344,344,6.00,6.00,12.00,6,6,0.00,0.00,0,0
1593016241,s4-eth3,0.00,0.00,0.00,0,0,0.00,0.00,0.00,0,0,0.00,0.00,0,0
1593016241,s5-eth1,0.00,0.00,0.00,0,0,0.00,0.00,0.00,0,0,0.00,0.00,0,0
1593016241,s5-eth3,0.00,0.00,0.00,0,0,0.00,0.00,0.00,0,0,0.00,0.00,0,0
1593016241,total,1282064.00,1279030.00,2561094.00,1279030,1282064,1254.00,1253.00,2507.00,1253,1254,0.00,0.00,0,0
1593016242,s1-eth1,1250686.00,27258.00,1277944.00,27258,1250686,827.00,413.00,1240.00,413,827,0.00,0.00,0,0
1593016242,s1-eth3,0.00,0.00,0.00,0,0,0.00,0.00,0.00,0,0,0.00,0.00,0,0
1593016242,s1-eth2,27324.00,1250686.00,1278010.00,1250686,27324,414.00,827.00,1241.00,827,414,0.00,0.00,0,0
1593016242,s6-eth1,0.00,0.00,0.00,0,0,0.00,0.00,0.00,0,0,0.00,0.00,0,0
1593016242,s6-eth3,0.00,0.00,0.00,0,0,0.00,0.00,0.00,0,0,0.00,0.00,0,0
1593016242,s2-eth1,0.00,0.00,0.00,0,0,0.00,0.00,0.00,0,0,0.00,0.00,0,0
1593016242,s2-eth2,0.00,0.00,0.00,0,0,0.00,0.00,0.00,0,0,0.00,0.00,0,0
1593016242,s7-eth1,0.00,0.00,0.00,0,0,0.00,0.00,0.00,0,0,0.00,0.00,0,0
1593016242,s7-eth3,0.00,0.00,0.00,0,0,0.00,0.00,0.00,0,0,0.00,0.00,0,0
1593016242,s8-eth1,0.00,0.00,0.00,0,0,0.00,0.00,0.00,0,0,0.00,0.00,0,0
1593016242,eth0,138.00,66.00,204.00,66,138,1.00,1.00,2.00,1,1,0.00,0.00,0,0
1593016242,lo,688.00,688.00,1376.00,688,688,12.00,12.00,24.00,12,12,0.00,0.00,0,0
1593016242,s4-eth3,0.00,0.00,0.00,0,0,0.00,0.00,0.00,0,0,0.00,0.00,0,0
1593016242,s5-eth1,0.00,0.00,0.00,0,0,0.00,0.00,0.00,0,0,0.00,0.00,0,0
1593016242,s5-eth3,0.00,0.00,0.00,0,0,0.00,0.00,0.00,0,0,0.00,0.00,0,0
1593016242,total,1278836.00,1278698.00,2557534.00,1278698,1278836,1254.00,1253.00,2507.00,1253,1254,0.00,0.00,0,0
1593016243,s1-eth1,1250270.00,27390.00,1277660.00,27390,1250270,827.00,415.00,1242.00,415,827,0.00,0.00,0,0
1593016243,s1-eth3,0.00,0.00,0.00,0,0,0.00,0.00,0.00,0,0,0.00,0.00,0,0
1593016243,s1-eth2,27324.00,1250270.00,1277594.00,1250270,27324,414.00,827.00,1241.00,827,414,0.00,0.00,0,0
1593016243,s6-eth1,0.00,0.00,0.00,0,0,0.00,0.00,0.00,0,0,0.00,0.00,0,0
1593016243,s6-eth3,0.00,0.00,0.00,0,0,0.00,0.00,0.00,0,0,0.00,0.00,0,0
1593016243,s2-eth1,0.00,0.00,0.00,0,0,0.00,0.00,0.00,0,0,0.00,0.00,0,0
1593016243,s2-eth2,0.00,0.00,0.00,0,0,0.00,0.00,0.00,0,0,0.00,0.00,0,0
1593016243,s7-eth1,0.00,0.00,0.00,0,0,0.00,0.00,0.00,0,0,0.00,0.00,0,0
1593016243,s7-eth3,0.00,0.00,0.00,0,0,0.00,0.00,0.00,0,0,0.00,0.00,0,0
1593016243,s8-eth1,0.00,0.00,0.00,0,0,0.00,0.00,0.00,0,0,0.00,0.00,0,0
1593016243,eth0,138.00,66.00,204.00,66,138,1.00,1.00,2.00,1,1,0.00,0.00,0,0
1593016243,lo,0.00,0.00,0.00,0,0,0.00,0.00,0.00,0,0,0.00,0.00,0,0
1593016243,s4-eth3,0.00,0.00,0.00,0,0,0.00,0.00,0.00,0,0,0.00,0.00,0,0
1593016243,s5-eth1,0.00,0.00,0.00,0,0,0.00,0.00,0.00,0,0,0.00,0.00,0,0
1593016243,s5-eth3,0.00,0.00,0.00,0,0,0.00,0.00,0.00,0,0,0.00,0.00,0,0
1593016243,total,1277732.00,1277726.00,2555458.00,1277726,1277732,1242.00,1243.00,2485.00,1243,1242,0.00,0.00,0,0
1593016244,s1-eth1,1250158.00,27324.00,1277482.00,27324,1250158,827.00,414.00,1241.00,414,827,0.00,0.00,0,0
1593016244,s1-eth3,0.00,0.00,0.00,0,0,0.00,0.00,0.00,0,0,0.00,0.00,0,0
1593016244,s1-eth2,27390.00,1250158.00,1277548.00,1250158,27390,415.00,827.00,1242.00,827,415,0.00,0.00,0,0
1593016244,s6-eth1,0.00,0.00,0.00,0,0,0.00,0.00,0.00,0,0,0.00,0.00,0,0
1593016244,s6-eth3,0.00,0.00,0.00,0,0,0.00,0.00,0.00,0,0,0.00,0.00,0,0
1593016244,s2-eth1,0.00,0.00,0.00,0,0,0.00,0.00,0.00,0,0,0.00,0.00,0,0
1593016244,s2-eth2,0.00,0.00,0.00,0,0,0.00,0.00,0.00,0,0,0.00,0.00,0,0
1593016244,s7-eth1,0.00,0.00,0.00,0,0,0.00,0.00,0.00,0,0,0.00,0.00,0,0
1593016244,s7-eth3,0.00,0.00,0.00,0,0,0.00,0.00,0.00,0,0,0.00,0.00,0,0
1593016244,s8-eth1,0.00,0.00,0.00,0,0,0.00,0.00,0.00,0,0,0.00,0.00,0,0
1593016244,eth0,138.00,66.00,204.00,66,138,1.00,1.00,2.00,1,1,0.00,0.00,0,0
1593016244,lo,0.00,0.00,0.00,0,0,0.00,0.00,0.00,0,0,0.00,0.00,0,0
1593016244,s4-eth3,0.00,0.00,0.00,0,0,0.00,0.00,0.00,0,0,0.00,0.00,0,0
1593016244,s5-eth1,0.00,0.00,0.00,0,0,0.00,0.00,0.00,0,0,0.00,0.00,0,0
1593016244,s5-eth3,0.00,0.00,0.00,0,0,0.00,0.00,0.00,0,0,0.00,0.00,0,0
1593016244,total,1277686.00,1277548.00,2555234.00,1277548,1277686,1243.00,1242.00,2485.00,1242,1243,0.00,0.00,0,0
1593016245,s1-eth1,1250158.00,27390.00,1277548.00,27390,1250158,827.00,415.00,1242.00,415,827,0.00,0.00,0,0
1593016245,s1-eth3,0.00,0.00,0.00,0,0,0.00,0.00,0.00,0,0,0.00,0.00,0,0
1593016245,s1-eth2,27324.00,1250158.00,1277482.00,1250158,27324,414.00,827.00,1241.00,827,414,0.00,0.00,0,0
1593016245,s6-eth1,0.00,0.00,0.00,0,0,0.00,0.00,0.00,0,0,0.00,0.00,0,0
1593016245,s6-eth3,0.00,0.00,0.00,0,0,0.00,0.00,0.00,0,0,0.00,0.00,0,0
1593016245,s2-eth1,0.00,0.00,0.00,0,0,0.00,0.00,0.00,0,0,0.00,0.00,0,0
1593016245,s2-eth2,0.00,0.00,0.00,0,0,0.00,0.00,0.00,0,0,0.00,0.00,0,0
1593016245,s7-eth1,0.00,0.00,0.00,0,0,0.00,0.00,0.00,0,0,0.00,0.00,0,0
1593016245,s7-eth3,0.00,0.00,0.00,0,0,0.00,0.00,0.00,0,0,0.00,0.00,0,0
1593016245,s8-eth1,0.00,0.00,0.00,0,0,0.00,0.00,0.00,0,0,0.00,0.00,0,0
1593016245,eth0,138.00,66.00,204.00,66,138,1.00,1.00,2.00,1,1,0.00,0.00,0,0
1593016245,lo,0.00,0.00,0.00,0,0,0.00,0.00,0.00,0,0,0.00,0.00,0,0
1593016245,s4-eth3,0.00,0.00,0.00,0,0,0.00,0.00,0.00,0,0,0.00,0.00,0,0
1593016245,s5-eth1,0.00,0.00,0.00,0,0,0.00,0.00,0.00,0,0,0.00,0.00,0,0
1593016245,s5-eth3,0.00,0.00,0.00,0,0,0.00,0.00,0.00,0,0,0.00,0.00,0,0
1593016245,total,1277620.00,1277614.00,2555234.00,1277614,1277620,1242.00,1243.00,2485.00,1243,1242,0.00,0.00,0,0
1593016246,s1-eth1,1251032.00,27390.00,1278422.00,27390,1251032,828.00,415.00,1243.00,415,828,0.00,0.00,0,0
1593016246,s1-eth3,0.00,0.00,0.00,0,0,0.00,0.00,0.00,0,0,0.00,0.00,0,0
1593016246,s1-eth2,27390.00,1251032.00,1278422.00,1251032,27390,415.00,828.00,1243.00,828,415,0.00,0.00,0,0
1593016246,s6-eth1,0.00,0.00,0.00,0,0,0.00,0.00,0.00,0,0,0.00,0.00,0,0
1593016246,s6-eth3,0.00,0.00,0.00,0,0,0.00,0.00,0.00,0,0,0.00,0.00,0,0
1593016246,s2-eth1,0.00,0.00,0.00,0,0,0.00,0.00,0.00,0,0,0.00,0.00,0,0
1593016246,s2-eth2,0.00,0.00,0.00,0,0,0.00,0.00,0.00,0,0,0.00,0.00,0,0
1593016246,s7-eth1,0.00,0.00,0.00,0,0,0.00,0.00,0.00,0,0,0.00,0.00,0,0
1593016246,s7-eth3,0.00,0.00,0.00,0,0,0.00,0.00,0.00,0,0,0.00,0.00,0,0
1593016246,s8-eth1,0.00,0.00,0.00,0,0,0.00,0.00,0.00,0,0,0.00,0.00,0,0
1593016246,eth0,138.00,66.00,204.00,66,138,1.00,1.00,2.00,1,1,0.00,0.00,0,0
1593016246,lo,344.00,344.00,688.00,344,344,6.00,6.00,12.00,6,6,0.00,0.00,0,0
1593016246,s4-eth3,0.00,0.00,0.00,0,0,0.00,0.00,0.00,0,0,0.00,0.00,0,0
1593016246,s5-eth1,0.00,0.00,0.00,0,0,0.00,0.00,0.00,0,0,0.00,0.00,0,0
1593016246,s5-eth3,0.00,0.00,0.00,0,0,0.00,0.00,0.00,0,0,0.00,0.00,0,0
1593016246,total,1278904.00,1278832.00,2557736.00,1278832,1278904,1250.00,1250.00,2500.00,1250,1250,0.00,0.00,0,0
1593016247,s1-eth1,1250224.00,27324.00,1277548.00,27324,1250224,828.00,414.00,1242.00,414,828,0.00,0.00,0,0
1593016247,s1-eth3,0.00,0.00,0.00,0,0,0.00,0.00,0.00,0,0,0.00,0.00,0,0
1593016247,s1-eth2,27390.00,1250224.00,1277614.00,1250224,27390,415.00,828.00,1243.00,828,415,0.00,0.00,0,0
1593016247,s6-eth1,0.00,0.00,0.00,0,0,0.00,0.00,0.00,0,0,0.00,0.00,0,0
1593016247,s6-eth3,0.00,0.00,0.00,0,0,0.00,0.00,0.00,0,0,0.00,0.00,0,0
1593016247,s2-eth1,0.00,0.00,0.00,0,0,0.00,0.00,0.00,0,0,0.00,0.00,0,0
1593016247,s2-eth2,0.00,0.00,0.00,0,0,0.00,0.00,0.00,0,0,0.00,0.00,0,0
1593016247,s7-eth1,0.00,0.00,0.00,0,0,0.00,0.00,0.00,0,0,0.00,0.00,0,0
1593016247,s7-eth3,0.00,0.00,0.00,0,0,0.00,0.00,0.00,0,0,0.00,0.00,0,0
1593016247,s8-eth1,0.00,0.00,0.00,0,0,0.00,0.00,0.00,0,0,0.00,0.00,0,0
1593016247,eth0,138.00,66.00,204.00,66,138,1.00,1.00,2.00,1,1,0.00,0.00,0,0
1593016247,lo,688.00,688.00,1376.00,688,688,12.00,12.00,24.00,12,12,0.00,0.00,0,0
1593016247,s4-eth3,0.00,0.00,0.00,0,0,0.00,0.00,0.00,0,0,0.00,0.00,0,0
1593016247,s5-eth1,0.00,0.00,0.00,0,0,0.00,0.00,0.00,0,0,0.00,0.00,0,0
1593016247,s5-eth3,0.00,0.00,0.00,0,0,0.00,0.00,0.00,0,0,0.00,0.00,0,0
1593016247,total,1278440.00,1278302.00,2556742.00,1278302,1278440,1256.00,1255.00,2511.00,1255,1256,0.00,0.00,0,0
1593016248,s1-eth1,1250564.00,27258.00,1277822.00,27258,1250564,826.00,413.00,1239.00,413,826,0.00,0.00,0,0
1593016248,s1-eth3,0.00,0.00,0.00,0,0,0.00,0.00,0.00,0,0,0.00,0.00,0,0
1593016248,s1-eth2,27258.00,1250564.00,1277822.00,1250564,27258,413.00,826.00,1239.00,826,413,0.00,0.00,0,0
1593016248,s6-eth1,0.00,0.00,0.00,0,0,0.00,0.00,0.00,0,0,0.00,0.00,0,0
1593016248,s6-eth3,0.00,0.00,0.00,0,0,0.00,0.00,0.00,0,0,0.00,0.00,0,0
1593016248,s2-eth1,0.00,0.00,0.00,0,0,0.00,0.00,0.00,0,0,0.00,0.00,0,0
1593016248,s2-eth2,0.00,0.00,0.00,0,0,0.00,0.00,0.00,0,0,0.00,0.00,0,0
1593016248,s7-eth1,0.00,0.00,0.00,0,0,0.00,0.00,0.00,0,0,0.00,0.00,0,0
1593016248,s7-eth3,0.00,0.00,0.00,0,0,0.00,0.00,0.00,0,0,0.00,0.00,0,0
1593016248,s8-eth1,0.00,0.00,0.00,0,0,0.00,0.00,0.00,0,0,0.00,0.00,0,0
1593016248,eth0,138.00,66.00,204.00,66,138,1.00,1.00,2.00,1,1,0.00,0.00,0,0
1593016248,lo,0.00,0.00,0.00,0,0,0.00,0.00,0.00,0,0,0.00,0.00,0,0
1593016248,s4-eth3,0.00,0.00,0.00,0,0,0.00,0.00,0.00,0,0,0.00,0.00,0,0
1593016248,s5-eth1,0.00,0.00,0.00,0,0,0.00,0.00,0.00,0,0,0.00,0.00,0,0
1593016248,s5-eth3,0.00,0.00,0.00,0,0,0.00,0.00,0.00,0,0,0.00,0.00,0,0
1593016248,total,1277960.00,1277888.00,2555848.00,1277888,1277960,1240.00,1240.00,2480.00,1240,1240,0.00,0.00,0,0
1593016249,s1-eth1,1250504.00,27390.00,1277894.00,27390,1250504,828.00,415.00,1243.00,415,828,0.00,0.00,0,0
1593016249,s1-eth3,0.00,0.00,0.00,0,0,0.00,0.00,0.00,0,0,0.00,0.00,0,0
1593016249,s1-eth2,27390.00,1250504.00,1277894.00,1250504,27390,415.00,828.00,1243.00,828,415,0.00,0.00,0,0
1593016249,s6-eth1,0.00,0.00,0.00,0,0,0.00,0.00,0.00,0,0,0.00,0.00,0,0
1593016249,s6-eth3,0.00,0.00,0.00,0,0,0.00,0.00,0.00,0,0,0.00,0.00,0,0
1593016249,s2-eth1,0.00,0.00,0.00,0,0,0.00,0.00,0.00,0,0,0.00,0.00,0,0
1593016249,s2-eth2,0.00,0.00,0.00,0,0,0.00,0.00,0.00,0,0,0.00,0.00,0,0
1593016249,s7-eth1,0.00,0.00,0.00,0,0,0.00,0.00,0.00,0,0,0.00,0.00,0,0
1593016249,s7-eth3,0.00,0.00,0.00,0,0,0.00,0.00,0.00,0,0,0.00,0.00,0,0
1593016249,s8-eth1,0.00,0.00,0.00,0,0,0.00,0.00,0.00,0,0,0.00,0.00,0,0
1593016249,eth0,138.00,66.00,204.00,66,138,1.00,1.00,2.00,1,1,0.00,0.00,0,0
1593016249,lo,0.00,0.00,0.00,0,0,0.00,0.00,0.00,0,0,0.00,0.00,0,0
1593016249,s4-eth3,0.00,0.00,0.00,0,0,0.00,0.00,0.00,0,0,0.00,0.00,0,0
1593016249,s5-eth1,0.00,0.00,0.00,0,0,0.00,0.00,0.00,0,0,0.00,0.00,0,0
1593016249,s5-eth3,0.00,0.00,0.00,0,0,0.00,0.00,0.00,0,0,0.00,0.00,0,0
1593016249,total,1278032.00,1277960.00,2555992.00,1277960,1278032,1244.00,1244.00,2488.00,1244,1244,0.00,0.00,0,0
1593016250,s1-eth1,1250224.00,27390.00,1277614.00,27390,1250224,828.00,415.00,1243.00,415,828,0.00,0.00,0,0
1593016250,s1-eth3,0.00,0.00,0.00,0,0,0.00,0.00,0.00,0,0,0.00,0.00,0,0
1593016250,s1-eth2,27324.00,1250224.00,1277548.00,1250224,27324,414.00,828.00,1242.00,828,414,0.00,0.00,0,0
1593016250,s6-eth1,0.00,0.00,0.00,0,0,0.00,0.00,0.00,0,0,0.00,0.00,0,0
1593016250,s6-eth3,0.00,0.00,0.00,0,0,0.00,0.00,0.00,0,0,0.00,0.00,0,0
1593016250,s2-eth1,0.00,0.00,0.00,0,0,0.00,0.00,0.00,0,0,0.00,0.00,0,0
1593016250,s2-eth2,0.00,0.00,0.00,0,0,0.00,0.00,0.00,0,0,0.00,0.00,0,0
1593016250,s7-eth1,0.00,0.00,0.00,0,0,0.00,0.00,0.00,0,0,0.00,0.00,0,0
1593016250,s7-eth3,0.00,0.00,0.00,0,0,0.00,0.00,0.00,0,0,0.00,0.00,0,0
1593016250,s8-eth1,0.00,0.00,0.00,0,0,0.00,0.00,0.00,0,0,0.00,0.00,0,0
1593016250,eth0,138.00,66.00,204.00,66,138,1.00,1.00,2.00,1,1,0.00,0.00,0,0
1593016250,lo,0.00,0.00,0.00,0,0,0.00,0.00,0.00,0,0,0.00,0.00,0,0
1593016250,s4-eth3,0.00,0.00,0.00,0,0,0.00,0.00,0.00,0,0,0.00,0.00,0,0
1593016250,s5-eth1,0.00,0.00,0.00,0,0,0.00,0.00,0.00,0,0,0.00,0.00,0,0
1593016250,s5-eth3,0.00,0.00,0.00,0,0,0.00,0.00,0.00,0,0,0.00,0.00,0,0
1593016250,total,1277686.00,1277680.00,2555366.00,1277680,1277686,1243.00,1244.00,2487.00,1244,1243,0.00,0.00,0,0
1593016251,s1-eth1,1250158.00,27324.00,1277482.00,27324,1250158,827.00,414.00,1241.00,414,827,0.00,0.00,0,0
1593016251,s1-eth3,0.00,0.00,0.00,0,0,0.00,0.00,0.00,0,0,0.00,0.00,0,0
1593016251,s1-eth2,27390.00,1250158.00,1277548.00,1250158,27390,415.00,827.00,1242.00,827,415,0.00,0.00,0,0
1593016251,s6-eth1,0.00,0.00,0.00,0,0,0.00,0.00,0.00,0,0,0.00,0.00,0,0
1593016251,s6-eth3,0.00,0.00,0.00,0,0,0.00,0.00,0.00,0,0,0.00,0.00,0,0
1593016251,s2-eth1,0.00,0.00,0.00,0,0,0.00,0.00,0.00,0,0,0.00,0.00,0,0
1593016251,s2-eth2,0.00,0.00,0.00,0,0,0.00,0.00,0.00,0,0,0.00,0.00,0,0
1593016251,s7-eth1,0.00,0.00,0.00,0,0,0.00,0.00,0.00,0,0,0.00,0.00,0,0
1593016251,s7-eth3,0.00,0.00,0.00,0,0,0.00,0.00,0.00,0,0,0.00,0.00,0,0
1593016251,s8-eth1,0.00,0.00,0.00,0,0,0.00,0.00,0.00,0,0,0.00,0.00,0,0
1593016251,eth0,138.00,66.00,204.00,66,138,1.00,1.00,2.00,1,1,0.00,0.00,0,0
1593016251,lo,344.00,344.00,688.00,344,344,6.00,6.00,12.00,6,6,0.00,0.00,0,0
1593016251,s4-eth3,0.00,0.00,0.00,0,0,0.00,0.00,0.00,0,0,0.00,0.00,0,0
1593016251,s5-eth1,0.00,0.00,0.00,0,0,0.00,0.00,0.00,0,0,0.00,0.00,0,0
1593016251,s5-eth3,0.00,0.00,0.00,0,0,0.00,0.00,0.00,0,0,0.00,0.00,0,0
1593016251,total,1278030.00,1277892.00,2555922.00,1277892,1278030,1249.00,1248.00,2497.00,1248,1249,0.00,0.00,0,0
1593016252,s1-eth1,1244802.00,29188.00,1273990.00,29188,1244802,833.00,442.00,1275.00,442,833,0.00,0.00,0,0
1593016252,s1-eth3,17968.00,764620.00,782588.00,764620,17968,272.00,514.00,786.00,514,272,0.00,0.00,0,0
1593016252,s1-eth2,11220.00,504406.00,515626.00,504406,11220,170.00,335.00,505.00,335,170,0.00,0.00,0,0
1593016252,s6-eth1,0.00,0.00,0.00,0,0,0.00,0.00,0.00,0,0,0.00,0.00,0,0
1593016252,s6-eth3,0.00,0.00,0.00,0,0,0.00,0.00,0.00,0,0,0.00,0.00,0,0
1593016252,s2-eth1,764620.00,17968.00,782588.00,17968,764620,514.00,272.00,786.00,272,514,0.00,0.00,0,0
1593016252,s2-eth2,17902.00,766134.00,784036.00,766134,17902,271.00,515.00,786.00,515,271,0.00,0.00,0,0
1593016252,s7-eth1,0.00,0.00,0.00,0,0,0.00,0.00,0.00,0,0,0.00,0.00,0,0
1593016252,s7-eth3,0.00,0.00,0.00,0,0,0.00,0.00,0.00,0,0,0.00,0.00,0,0
1593016252,s8-eth1,0.00,0.00,0.00,0,0,0.00,0.00,0.00,0,0,0.00,0.00,0,0
1593016252,eth0,228.00,132.00,360.00,132,228,2.00,2.00,4.00,2,2,0.00,0.00,0,0
1593016252,lo,4764.00,4764.00,9528.00,4764,4764,45.00,45.00,90.00,45,45,0.00,0.00,0,0
1593016252,s4-eth3,0.00,0.00,0.00,0,0,0.00,0.00,0.00,0,0,0.00,0.00,0,0
1593016252,s5-eth1,0.00,0.00,0.00,0,0,0.00,0.00,0.00,0,0,0.00,0.00,0,0
1593016252,s5-eth3,0.00,0.00,0.00,0,0,0.00,0.00,0.00,0,0,0.00,0.00,0,0
1593016252,total,2061504.00,2087212.00,4148716.00,2087212,2061504,2107.00,2125.00,4232.00,2125,2107,0.00,0.00,0,0
1593016253,s1-eth1,1251052.00,27720.00,1278772.00,27720,1251052,830.00,420.00,1250.00,420,830,0.00,0.00,0,0
1593016253,s1-eth3,27720.00,1251052.00,1278772.00,1251052,27720,420.00,830.00,1250.00,830,420,0.00,0.00,0,0
1593016253,s1-eth2,0.00,0.00,0.00,0,0,0.00,0.00,0.00,0,0,0.00,0.00,0,0
1593016253,s6-eth1,0.00,0.00,0.00,0,0,0.00,0.00,0.00,0,0,0.00,0.00,0,0
1593016253,s6-eth3,0.00,0.00,0.00,0,0,0.00,0.00,0.00,0,0,0.00,0.00,0,0
1593016253,s2-eth1,1251052.00,27720.00,1278772.00,27720,1251052,830.00,420.00,1250.00,420,830,0.00,0.00,0,0
1593016253,s2-eth2,27720.00,1249538.00,1277258.00,1249538,27720,420.00,829.00,1249.00,829,420,0.00,0.00,0,0
1593016253,s7-eth1,0.00,0.00,0.00,0,0,0.00,0.00,0.00,0,0,0.00,0.00,0,0
1593016253,s7-eth3,0.00,0.00,0.00,0,0,0.00,0.00,0.00,0,0,0.00,0.00,0,0
1593016253,s8-eth1,0.00,0.00,0.00,0,0,0.00,0.00,0.00,0,0,0.00,0.00,0,0
1593016253,eth0,138.00,66.00,204.00,66,138,1.00,1.00,2.00,1,1,0.00,0.00,0,0
1593016253,lo,0.00,0.00,0.00,0,0,0.00,0.00,0.00,0,0,0.00,0.00,0,0
1593016253,s4-eth3,0.00,0.00,0.00,0,0,0.00,0.00,0.00,0,0,0.00,0.00,0,0
1593016253,s5-eth1,0.00,0.00,0.00,0,0,0.00,0.00,0.00,0,0,0.00,0.00,0,0
1593016253,s5-eth3,0.00,0.00,0.00,0,0,0.00,0.00,0.00,0,0,0.00,0.00,0,0
1593016253,total,2557682.00,2556096.00,5113778.00,2556096,2557682,2501.00,2500.00,5001.00,2500,2501,0.00,0.00,0,0
1593016254,s1-eth1,1251042.00,27918.00,1278960.00,27918,1251042,829.00,423.00,1252.00,423,829,0.00,0.00,0,0
1593016254,s1-eth3,27918.00,1249528.00,1277446.00,1249528,27918,423.00,828.00,1251.00,828,423,0.00,0.00,0,0
1593016254,s1-eth2,0.00,0.00,0.00,0,0,0.00,0.00,0.00,0,0,0.00,0.00,0,0
1593016254,s6-eth1,0.00,0.00,0.00,0,0,0.00,0.00,0.00,0,0,0.00,0.00,0,0
1593016254,s6-eth3,0.00,0.00,0.00,0,0,0.00,0.00,0.00,0,0,0.00,0.00,0,0
1593016254,s2-eth1,1249528.00,27918.00,1277446.00,27918,1249528,828.00,423.00,1251.00,423,828,0.00,0.00,0,0
1593016254,s2-eth2,27918.00,1251042.00,1278960.00,1251042,27918,423.00,829.00,1252.00,829,423,0.00,0.00,0,0
1593016254,s7-eth1,0.00,0.00,0.00,0,0,0.00,0.00,0.00,0,0,0.00,0.00,0,0
1593016254,s7-eth3,0.00,0.00,0.00,0,0,0.00,0.00,0.00,0,0,0.00,0.00,0,0
1593016254,s8-eth1,0.00,0.00,0.00,0,0,0.00,0.00,0.00,0,0,0.00,0.00,0,0
1593016254,eth0,138.00,66.00,204.00,66,138,1.00,1.00,2.00,1,1,0.00,0.00,0,0
1593016254,lo,0.00,0.00,0.00,0,0,0.00,0.00,0.00,0,0,0.00,0.00,0,0
1593016254,s4-eth3,0.00,0.00,0.00,0,0,0.00,0.00,0.00,0,0,0.00,0.00,0,0
1593016254,s5-eth1,0.00,0.00,0.00,0,0,0.00,0.00,0.00,0,0,0.00,0.00,0,0
1593016254,s5-eth3,0.00,0.00,0.00,0,0,0.00,0.00,0.00,0,0,0.00,0.00,0,0
1593016254,total,2556544.00,2556472.00,5113016.00,2556472,2556544,2504.00,2504.00,5008.00,2504,2504,0.00,0.00,0,0
1593016255,s1-eth1,1250356.00,28116.00,1278472.00,28116,1250356,830.00,426.00,1256.00,426,830,0.00,0.00,0,0
1593016255,s1-eth3,28050.00,1250356.00,1278406.00,1250356,28050,425.00,830.00,1255.00,830,425,0.00,0.00,0,0
1593016255,s1-eth2,0.00,0.00,0.00,0,0,0.00,0.00,0.00,0,0,0.00,0.00,0,0
1593016255,s6-eth1,0.00,0.00,0.00,0,0,0.00,0.00,0.00,0,0,0.00,0.00,0,0
1593016255,s6-eth3,0.00,0.00,0.00,0,0,0.00,0.00,0.00,0,0,0.00,0.00,0,0
1593016255,s2-eth1,1250356.00,28050.00,1278406.00,28050,1250356,830.00,425.00,1255.00,425,830,0.00,0.00,0,0
1593016255,s2-eth2,28116.00,1250356.00,1278472.00,1250356,28116,426.00,830.00,1256.00,830,426,0.00,0.00,0,0
1593016255,s7-eth1,0.00,0.00,0.00,0,0,0.00,0.00,0.00,0,0,0.00,0.00,0,0
1593016255,s7-eth3,0.00,0.00,0.00,0,0,0.00,0.00,0.00,0,0,0.00,0.00,0,0
1593016255,s8-eth1,0.00,0.00,0.00,0,0,0.00,0.00,0.00,0,0,0.00,0.00,0,0
1593016255,eth0,138.00,66.00,204.00,66,138,1.00,1.00,2.00,1,1,0.00,0.00,0,0
1593016255,lo,0.00,0.00,0.00,0,0,0.00,0.00,0.00,0,0,0.00,0.00,0,0
1593016255,s4-eth3,0.00,0.00,0.00,0,0,0.00,0.00,0.00,0,0,0.00,0.00,0,0
1593016255,s5-eth1,0.00,0.00,0.00,0,0,0.00,0.00,0.00,0,0,0.00,0.00,0,0
1593016255,s5-eth3,0.00,0.00,0.00,0,0,0.00,0.00,0.00,0,0,0.00,0.00,0,0
1593016255,total,2557016.00,2556944.00,5113960.00,2556944,2557016,2512.00,2512.00,5024.00,2512,2512,0.00,0.00,0,0
1593016256,s1-eth1,1249538.00,28050.00,1277588.00,28050,1249538,829.00,425.00,1254.00,425,829,0.00,0.00,0,0
1593016256,s1-eth3,28116.00,1251174.00,1279290.00,1251174,28116,426.00,831.00,1257.00,831,426,0.00,0.00,0,0
1593016256,s1-eth2,0.00,0.00,0.00,0,0,0.00,0.00,0.00,0,0,0.00,0.00,0,0
1593016256,s6-eth1,0.00,0.00,0.00,0,0,0.00,0.00,0.00,0,0,0.00,0.00,0,0
1593016256,s6-eth3,0.00,0.00,0.00,0,0,0.00,0.00,0.00,0,0,0.00,0.00,0,0
1593016256,s2-eth1,1251174.00,28116.00,1279290.00,28116,1251174,831.00,426.00,1257.00,426,831,0.00,0.00,0,0
1593016256,s2-eth2,28116.00,1251174.00,1279290.00,1251174,28116,426.00,831.00,1257.00,831,426,0.00,0.00,0,0
1593016256,s7-eth1,0.00,0.00,0.00,0,0,0.00,0.00,0.00,0,0,0.00,0.00,0,0
1593016256,s7-eth3,0.00,0.00,0.00,0,0,0.00,0.00,0.00,0,0,0.00,0.00,0,0
1593016256,s8-eth1,0.00,0.00,0.00,0,0,0.00,0.00,0.00,0,0,0.00,0.00,0,0
1593016256,eth0,138.00,66.00,204.00,66,138,1.00,1.00,2.00,1,1,0.00,0.00,0,0
1593016256,lo,344.00,344.00,688.00,344,344,6.00,6.00,12.00,6,6,0.00,0.00,0,0
1593016256,s4-eth3,0.00,0.00,0.00,0,0,0.00,0.00,0.00,0,0,0.00,0.00,0,0
1593016256,s5-eth1,0.00,0.00,0.00,0,0,0.00,0.00,0.00,0,0,0.00,0.00,0,0
1593016256,s5-eth3,0.00,0.00,0.00,0,0,0.00,0.00,0.00,0,0,0.00,0.00,0,0
1593016256,total,2557426.00,2558924.00,5116350.00,2558924,2557426,2519.00,2520.00,5039.00,2520,2519,0.00,0.00,0,0
1593016257,s1-eth1,1250412.00,27654.00,1278066.00,27654,1250412,830.00,419.00,1249.00,419,830,0.00,0.00,0,0
1593016257,s1-eth3,27588.00,1250290.00,1277878.00,1250290,27588,418.00,829.00,1247.00,829,418,0.00,0.00,0,0
1593016257,s1-eth2,0.00,0.00,0.00,0,0,0.00,0.00,0.00,0,0,0.00,0.00,0,0
1593016257,s6-eth1,0.00,0.00,0.00,0,0,0.00,0.00,0.00,0,0,0.00,0.00,0,0
1593016257,s6-eth3,0.00,0.00,0.00,0,0,0.00,0.00,0.00,0,0,0.00,0.00,0,0
1593016257,s2-eth1,1250290.00,27588.00,1277878.00,27588,1250290,829.00,418.00,1247.00,418,829,0.00,0.00,0,0
1593016257,s2-eth2,27588.00,1250290.00,1277878.00,1250290,27588,418.00,829.00,1247.00,829,418,0.00,0.00,0,0
1593016257,s7-eth1,0.00,0.00,0.00,0,0,0.00,0.00,0.00,0,0,0.00,0.00,0,0
1593016257,s7-eth3,0.00,0.00,0.00,0,0,0.00,0.00,0.00,0,0,0.00,0.00,0,0
1593016257,s8-eth1,0.00,0.00,0.00,0,0,0.00,0.00,0.00,0,0,0.00,0.00,0,0
1593016257,eth0,138.00,66.00,204.00,66,138,1.00,1.00,2.00,1,1,0.00,0.00,0,0
1593016257,lo,688.00,688.00,1376.00,688,688,12.00,12.00,24.00,12,12,0.00,0.00,0,0
1593016257,s4-eth3,0.00,0.00,0.00,0,0,0.00,0.00,0.00,0,0,0.00,0.00,0,0
1593016257,s5-eth1,0.00,0.00,0.00,0,0,0.00,0.00,0.00,0,0,0.00,0.00,0,0
1593016257,s5-eth3,0.00,0.00,0.00,0,0,0.00,0.00,0.00,0,0,0.00,0.00,0,0
1593016257,total,2556704.00,2556576.00,5113280.00,2556576,2556704,2508.00,2508.00,5016.00,2508,2508,0.00,0.00,0,0
1593016258,s1-eth1,1250986.00,28050.00,1279036.00,28050,1250986,829.00,425.00,1254.00,425,829,0.00,0.00,0,0
1593016258,s1-eth3,28116.00,1250986.00,1279102.00,1250986,28116,426.00,829.00,1255.00,829,426,0.00,0.00,0,0
1593016258,s1-eth2,0.00,0.00,0.00,0,0,0.00,0.00,0.00,0,0,0.00,0.00,0,0
1593016258,s6-eth1,0.00,0.00,0.00,0,0,0.00,0.00,0.00,0,0,0.00,0.00,0,0
1593016258,s6-eth3,0.00,0.00,0.00,0,0,0.00,0.00,0.00,0,0,0.00,0.00,0,0
1593016258,s2-eth1,1250986.00,28116.00,1279102.00,28116,1250986,829.00,426.00,1255.00,426,829,0.00,0.00,0,0
1593016258,s2-eth2,28050.00,1250986.00,1279036.00,1250986,28050,425.00,829.00,1254.00,829,425,0.00,0.00,0,0
1593016258,s7-eth1,0.00,0.00,0.00,0,0,0.00,0.00,0.00,0,0,0.00,0.00,0,0
1593016258,s7-eth3,0.00,0.00,0.00,0,0,0.00,0.00,0.00,0,0,0.00,0.00,0,0
1593016258,s8-eth1,0.00,0.00,0.00,0,0,0.00,0.00,0.00,0,0,0.00,0.00,0,0
1593016258,eth0,480.00,408.00,888.00,408,480,2.00,2.00,4.00,2,2,0.00,0.00,0,0
1593016258,lo,0.00,0.00,0.00,0,0,0.00,0.00,0.00,0,0,0.00,0.00,0,0
1593016258,s4-eth3,0.00,0.00,0.00,0,0,0.00,0.00,0.00,0,0,0.00,0.00,0,0
1593016258,s5-eth1,0.00,0.00,0.00,0,0,0.00,0.00,0.00,0,0,0.00,0.00,0,0
1593016258,s5-eth3,0.00,0.00,0.00,0,0,0.00,0.00,0.00,0,0,0.00,0.00,0,0
1593016258,total,2558618.00,2558546.00,5117164.00,2558546,2558618,2511.00,2511.00,5022.00,2511,2511,0.00,0.00,0,0
1593016259,s1-eth1,1251566.88,28718.56,1280285.50,28776,1254070,829.34,435.13,1264.47,436,831,0.00,0.00,0,0
1593016259,s1-eth3,28652.70,1248545.00,1277197.62,1251042,28710,434.13,827.35,1261.48,829,435,0.00,0.00,0,0
1593016259,s1-eth2,0.00,0.00,0.00,0,0,0.00,0.00,0.00,0,0,0.00,0.00,0,0
1593016259,s6-eth1,0.00,0.00,0.00,0,0,0.00,0.00,0.00,0,0,0.00,0.00,0,0
1593016259,s6-eth3,0.00,0.00,0.00,0,0,0.00,0.00,0.00,0,0,0.00,0.00,0,0
1593016259,s2-eth1,1248545.00,28652.70,1277197.62,28710,1251042,827.35,434.13,1261.48,435,829,0.00,0.00,0,0
1593016259,s2-eth2,28718.56,1250055.88,1278774.50,1252556,28776,435.13,828.34,1263.47,830,436,0.00,0.00,0,0
1593016259,s7-eth1,0.00,0.00,0.00,0,0,0.00,0.00,0.00,0,0,0.00,0.00,0,0
1593016259,s7-eth3,0.00,0.00,0.00,0,0,0.00,0.00,0.00,0,0,0.00,0.00,0,0
1593016259,s8-eth1,0.00,0.00,0.00,0,0,0.00,0.00,0.00,0,0,0.00,0.00,0,0
1593016259,eth0,137.72,65.87,203.59,66,138,1.00,1.00,2.00,1,1,0.00,0.00,0,0
1593016259,lo,0.00,0.00,0.00,0,0,0.00,0.00,0.00,0,0,0.00,0.00,0,0
1593016259,s4-eth3,0.00,0.00,0.00,0,0,0.00,0.00,0.00,0,0,0.00,0.00,0,0
1593016259,s5-eth1,0.00,0.00,0.00,0,0,0.00,0.00,0.00,0,0,0.00,0.00,0,0
1593016259,s5-eth3,0.00,0.00,0.00,0,0,0.00,0.00,0.00,0,0,0.00,0.00,0,0
1593016259,total,2557620.75,2556038.00,5113659.00,2561150,2562736,2526.95,2525.95,5052.89,2531,2532,0.00,0.00,0,0
1593016260,s1-eth1,1250168.00,28512.00,1278680.00,28512,1250168,828.00,432.00,1260.00,432,828,0.00,0.00,0,0
1593016260,s1-eth3,28512.00,1251682.00,1280194.00,1251682,28512,432.00,829.00,1261.00,829,432,0.00,0.00,0,0
1593016260,s1-eth2,0.00,0.00,0.00,0,0,0.00,0.00,0.00,0,0,0.00,0.00,0,0
1593016260,s6-eth1,0.00,0.00,0.00,0,0,0.00,0.00,0.00,0,0,0.00,0.00,0,0
1593016260,s6-eth3,0.00,0.00,0.00,0,0,0.00,0.00,0.00,0,0,0.00,0.00,0,0
1593016260,s2-eth1,1251682.00,28512.00,1280194.00,28512,1251682,829.00,432.00,1261.00,432,829,0.00,0.00,0,0
1593016260,s2-eth2,28512.00,1250168.00,1278680.00,1250168,28512,432.00,828.00,1260.00,828,432,0.00,0.00,0,0
1593016260,s7-eth1,0.00,0.00,0.00,0,0,0.00,0.00,0.00,0,0,0.00,0.00,0,0
1593016260,s7-eth3,0.00,0.00,0.00,0,0,0.00,0.00,0.00,0,0,0.00,0.00,0,0
1593016260,s8-eth1,0.00,0.00,0.00,0,0,0.00,0.00,0.00,0,0,0.00,0.00,0,0
1593016260,eth0,138.00,66.00,204.00,66,138,1.00,1.00,2.00,1,1,0.00,0.00,0,0
1593016260,lo,0.00,0.00,0.00,0,0,0.00,0.00,0.00,0,0,0.00,0.00,0,0
1593016260,s4-eth3,0.00,0.00,0.00,0,0,0.00,0.00,0.00,0,0,0.00,0.00,0,0
1593016260,s5-eth1,0.00,0.00,0.00,0,0,0.00,0.00,0.00,0,0,0.00,0.00,0,0
1593016260,s5-eth3,0.00,0.00,0.00,0,0,0.00,0.00,0.00,0,0,0.00,0.00,0,0
1593016260,total,2559012.00,2558940.00,5117952.00,2558940,2559012,2522.00,2522.00,5044.00,2522,2522,0.00,0.00,0,0
1593016261,s1-eth1,1248940.12,27994.01,1276934.12,28050,1251438,825.35,424.15,1249.50,425,827,0.00,0.00,0,0
1593016261,s1-eth3,28059.88,1245918.25,1273978.12,1248410,28116,425.15,823.35,1248.50,825,426,0.00,0.00,0,0
1593016261,s1-eth2,0.00,0.00,0.00,0,0,0.00,0.00,0.00,0,0,0.00,0.00,0,0
1593016261,s6-eth1,0.00,0.00,0.00,0,0,0.00,0.00,0.00,0,0,0.00,0.00,0,0
1593016261,s6-eth3,0.00,0.00,0.00,0,0,0.00,0.00,0.00,0,0,0.00,0.00,0,0
1593016261,s2-eth1,1245918.25,28059.88,1273978.12,28116,1248410,823.35,425.15,1248.50,426,825,0.00,0.00,0,0
1593016261,s2-eth2,27994.01,1250451.12,1278445.12,1252952,28050,424.15,826.35,1250.50,828,425,0.00,0.00,0,0
1593016261,s7-eth1,0.00,0.00,0.00,0,0,0.00,0.00,0.00,0,0,0.00,0.00,0,0
1593016261,s7-eth3,0.00,0.00,0.00,0,0,0.00,0.00,0.00,0,0,0.00,0.00,0,0
1593016261,s8-eth1,0.00,0.00,0.00,0,0,0.00,0.00,0.00,0,0,0.00,0.00,0,0
1593016261,eth0,137.72,65.87,203.59,66,138,1.00,1.00,2.00,1,1,0.00,0.00,0,0
1593016261,lo,343.31,343.31,686.63,344,344,5.99,5.99,11.98,6,6,0.00,0.00,0,0
1593016261,s4-eth3,0.00,0.00,0.00,0,0,0.00,0.00,0.00,0,0,0.00,0.00,0,0
1593016261,s5-eth1,0.00,0.00,0.00,0,0,0.00,0.00,0.00,0,0,0.00,0.00,0,0
1593016261,s5-eth3,0.00,0.00,0.00,0,0,0.00,0.00,0.00,0,0,0.00,0.00,0,0
1593016261,total,2551393.25,2552832.50,5104225.50,2557938,2556496,2504.99,2505.99,5010.98,2511,2510,0.00,0.00,0,0
1593016262,s1-eth1,1251662.00,27390.00,1279052.00,27390,1251662,827.00,415.00,1242.00,415,827,0.00,0.00,0,0
1593016262,s1-eth3,27324.00,1254690.00,1282014.00,1254690,27324,414.00,829.00,1243.00,829,414,0.00,0.00,0,0
1593016262,s1-eth2,0.00,0.00,0.00,0,0,0.00,0.00,0.00,0,0,0.00,0.00,0,0
1593016262,s6-eth1,0.00,0.00,0.00,0,0,0.00,0.00,0.00,0,0,0.00,0.00,0,0
1593016262,s6-eth3,0.00,0.00,0.00,0,0,0.00,0.00,0.00,0,0,0.00,0.00,0,0
1593016262,s2-eth1,1254690.00,27324.00,1282014.00,27324,1254690,829.00,414.00,1243.00,414,829,0.00,0.00,0,0
1593016262,s2-eth2,27390.00,1250148.00,1277538.00,1250148,27390,415.00,826.00,1241.00,826,415,0.00,0.00,0,0
1593016262,s7-eth1,0.00,0.00,0.00,0,0,0.00,0.00,0.00,0,0,0.00,0.00,0,0
1593016262,s7-eth3,0.00,0.00,0.00,0,0,0.00,0.00,0.00,0,0,0.00,0.00,0,0
1593016262,s8-eth1,0.00,0.00,0.00,0,0,0.00,0.00,0.00,0,0,0.00,0.00,0,0
1593016262,eth0,138.00,66.00,204.00,66,138,1.00,1.00,2.00,1,1,0.00,0.00,0,0
1593016262,lo,688.00,688.00,1376.00,688,688,12.00,12.00,24.00,12,12,0.00,0.00,0,0
1593016262,s4-eth3,0.00,0.00,0.00,0,0,0.00,0.00,0.00,0,0,0.00,0.00,0,0
1593016262,s5-eth1,0.00,0.00,0.00,0,0,0.00,0.00,0.00,0,0,0.00,0.00,0,0
1593016262,s5-eth3,0.00,0.00,0.00,0,0,0.00,0.00,0.00,0,0,0.00,0.00,0,0
1593016262,total,2561892.00,2560306.00,5122198.00,2560306,2561892,2498.00,2497.00,4995.00,2497,2498,0.00,0.00,0,0
1593016263,s1-eth1,1250326.00,27324.00,1277650.00,27324,1250326,827.00,414.00,1241.00,414,827,0.00,0.00,0,0
1593016263,s1-eth3,27324.00,1250326.00,1277650.00,1250326,27324,414.00,827.00,1241.00,827,414,0.00,0.00,0,0
1593016263,s1-eth2,0.00,0.00,0.00,0,0,0.00,0.00,0.00,0,0,0.00,0.00,0,0
1593016263,s6-eth1,0.00,0.00,0.00,0,0,0.00,0.00,0.00,0,0,0.00,0.00,0,0
1593016263,s6-eth3,0.00,0.00,0.00,0,0,0.00,0.00,0.00,0,0,0.00,0.00,0,0
1593016263,s2-eth1,1250326.00,27324.00,1277650.00,27324,1250326,827.00,414.00,1241.00,414,827,0.00,0.00,0,0
1593016263,s2-eth2,27324.00,1250326.00,1277650.00,1250326,27324,414.00,827.00,1241.00,827,414,0.00,0.00,0,0
1593016263,s7-eth1,0.00,0.00,0.00,0,0,0.00,0.00,0.00,0,0,0.00,0.00,0,0
1593016263,s7-eth3,0.00,0.00,0.00,0,0,0.00,0.00,0.00,0,0,0.00,0.00,0,0
1593016263,s8-eth1,0.00,0.00,0.00,0,0,0.00,0.00,0.00,0,0,0.00,0.00,0,0
1593016263,eth0,198.00,126.00,324.00,126,198,2.00,2.00,4.00,2,2,0.00,0.00,0,0
1593016263,lo,0.00,0.00,0.00,0,0,0.00,0.00,0.00,0,0,0.00,0.00,0,0
1593016263,s4-eth3,0.00,0.00,0.00,0,0,0.00,0.00,0.00,0,0,0.00,0.00,0,0
1593016263,s5-eth1,0.00,0.00,0.00,0,0,0.00,0.00,0.00,0,0,0.00,0.00,0,0
1593016263,s5-eth3,0.00,0.00,0.00,0,0,0.00,0.00,0.00,0,0,0.00,0.00,0,0
1593016263,total,2555498.00,2555426.00,5110924.00,2555426,2555498,2484.00,2484.00,4968.00,2484,2484,0.00,0.00,0,0
1593016264,s1-eth1,1250102.00,27324.00,1277426.00,27324,1250102,827.00,414.00,1241.00,414,827,0.00,0.00,0,0
1593016264,s1-eth3,27324.00,1250976.00,1278300.00,1250976,27324,414.00,828.00,1242.00,828,414,0.00,0.00,0,0
1593016264,s1-eth2,0.00,0.00,0.00,0,0,0.00,0.00,0.00,0,0,0.00,0.00,0,0
1593016264,s6-eth1,0.00,0.00,0.00,0,0,0.00,0.00,0.00,0,0,0.00,0.00,0,0
1593016264,s6-eth3,0.00,0.00,0.00,0,0,0.00,0.00,0.00,0,0,0.00,0.00,0,0
1593016264,s2-eth1,1250976.00,27324.00,1278300.00,27324,1250976,828.00,414.00,1242.00,414,828,0.00,0.00,0,0
1593016264,s2-eth2,27324.00,1250976.00,1278300.00,1250976,27324,414.00,828.00,1242.00,828,414,0.00,0.00,0,0
1593016264,s7-eth1,0.00,0.00,0.00,0,0,0.00,0.00,0.00,0,0,0.00,0.00,0,0
1593016264,s7-eth3,0.00,0.00,0.00,0,0,0.00,0.00,0.00,0,0,0.00,0.00,0,0
1593016264,s8-eth1,0.00,0.00,0.00,0,0,0.00,0.00,0.00,0,0,0.00,0.00,0,0
1593016264,eth0,138.00,66.00,204.00,66,138,1.00,1.00,2.00,1,1,0.00,0.00,0,0
1593016264,lo,0.00,0.00,0.00,0,0,0.00,0.00,0.00,0,0,0.00,0.00,0,0
1593016264,s4-eth3,0.00,0.00,0.00,0,0,0.00,0.00,0.00,0,0,0.00,0.00,0,0
1593016264,s5-eth1,0.00,0.00,0.00,0,0,0.00,0.00,0.00,0,0,0.00,0.00,0,0
1593016264,s5-eth3,0.00,0.00,0.00,0,0,0.00,0.00,0.00,0,0,0.00,0.00,0,0
1593016264,total,2555864.00,2556666.00,5112530.00,2556666,2555864,2484.00,2485.00,4969.00,2485,2484,0.00,0.00,0,0
1593016265,s1-eth1,1250214.00,27324.00,1277538.00,27324,1250214,827.00,414.00,1241.00,414,827,0.00,0.00,0,0
1593016265,s1-eth3,27324.00,1250854.00,1278178.00,1250854,27324,414.00,827.00,1241.00,827,414,0.00,0.00,0,0
1593016265,s1-eth2,0.00,0.00,0.00,0,0,0.00,0.00,0.00,0,0,0.00,0.00,0,0
1593016265,s6-eth1,0.00,0.00,0.00,0,0,0.00,0.00,0.00,0,0,0.00,0.00,0,0
1593016265,s6-eth3,0.00,0.00,0.00,0,0,0.00,0.00,0.00,0,0,0.00,0.00,0,0
1593016265,s2-eth1,1250854.00,27324.00,1278178.00,27324,1250854,827.00,414.00,1241.00,414,827,0.00,0.00,0,0
1593016265,s2-eth2,27324.00,1250854.00,1278178.00,1250854,27324,414.00,827.00,1241.00,827,414,0.00,0.00,0,0
1593016265,s7-eth1,0.00,0.00,0.00,0,0,0.00,0.00,0.00,0,0,0.00,0.00,0,0
1593016265,s7-eth3,0.00,0.00,0.00,0,0,0.00,0.00,0.00,0,0,0.00,0.00,0,0
1593016265,s8-eth1,0.00,0.00,0.00,0,0,0.00,0.00,0.00,0,0,0.00,0.00,0,0
1593016265,eth0,138.00,66.00,204.00,66,138,1.00,1.00,2.00,1,1,0.00,0.00,0,0
1593016265,lo,0.00,0.00,0.00,0,0,0.00,0.00,0.00,0,0,0.00,0.00,0,0
1593016265,s4-eth3,0.00,0.00,0.00,0,0,0.00,0.00,0.00,0,0,0.00,0.00,0,0
1593016265,s5-eth1,0.00,0.00,0.00,0,0,0.00,0.00,0.00,0,0,0.00,0.00,0,0
1593016265,s5-eth3,0.00,0.00,0.00,0,0,0.00,0.00,0.00,0,0,0.00,0.00,0,0
1593016265,total,2555854.00,2556422.00,5112276.00,2556422,2555854,2483.00,2483.00,4966.00,2483,2483,0.00,0.00,0,0
1593016266,s1-eth1,1250224.00,27390.00,1277614.00,27390,1250224,828.00,415.00,1243.00,415,828,0.00,0.00,0,0
1593016266,s1-eth3,27456.00,1250224.00,1277680.00,1250224,27456,416.00,828.00,1244.00,828,416,0.00,0.00,0,0
1593016266,s1-eth2,0.00,0.00,0.00,0,0,0.00,0.00,0.00,0,0,0.00,0.00,0,0
1593016266,s6-eth1,0.00,0.00,0.00,0,0,0.00,0.00,0.00,0,0,0.00,0.00,0,0
1593016266,s6-eth3,0.00,0.00,0.00,0,0,0.00,0.00,0.00,0,0,0.00,0.00,0,0
1593016266,s2-eth1,1250224.00,27456.00,1277680.00,27456,1250224,828.00,416.00,1244.00,416,828,0.00,0.00,0,0
1593016266,s2-eth2,27456.00,1250224.00,1277680.00,1250224,27456,416.00,828.00,1244.00,828,416,0.00,0.00,0,0
1593016266,s7-eth1,0.00,0.00,0.00,0,0,0.00,0.00,0.00,0,0,0.00,0.00,0,0
1593016266,s7-eth3,0.00,0.00,0.00,0,0,0.00,0.00,0.00,0,0,0.00,0.00,0,0
1593016266,s8-eth1,0.00,0.00,0.00,0,0,0.00,0.00,0.00,0,0,0.00,0.00,0,0
1593016266,eth0,138.00,66.00,204.00,66,138,1.00,1.00,2.00,1,1,0.00,0.00,0,0
1593016266,lo,344.00,344.00,688.00,344,344,6.00,6.00,12.00,6,6,0.00,0.00,0,0
1593016266,s4-eth3,0.00,0.00,0.00,0,0,0.00,0.00,0.00,0,0,0.00,0.00,0,0
1593016266,s5-eth1,0.00,0.00,0.00,0,0,0.00,0.00,0.00,0,0,0.00,0.00,0,0
1593016266,s5-eth3,0.00,0.00,0.00,0,0,0.00,0.00,0.00,0,0,0.00,0.00,0,0
1593016266,total,2555842.00,2555704.00,5111546.00,2555704,2555842,2495.00,2494.00,4989.00,2494,2495,0.00,0.00,0,0
1593016267,s1-eth1,1249924.00,27324.00,1277248.00,27324,1249924,826.00,414.00,1240.00,414,826,0.00,0.00,0,0
1593016267,s1-eth3,27258.00,1249924.00,1277182.00,1249924,27258,413.00,826.00,1239.00,826,413,0.00,0.00,0,0
1593016267,s1-eth2,0.00,0.00,0.00,0,0,0.00,0.00,0.00,0,0,0.00,0.00,0,0
1593016267,s6-eth1,0.00,0.00,0.00,0,0,0.00,0.00,0.00,0,0,0.00,0.00,0,0
1593016267,s6-eth3,0.00,0.00,0.00,0,0,0.00,0.00,0.00,0,0,0.00,0.00,0,0
1593016267,s2-eth1,1249924.00,27258.00,1277182.00,27258,1249924,826.00,413.00,1239.00,413,826,0.00,0.00,0,0
1593016267,s2-eth2,27258.00,1249924.00,1277182.00,1249924,27258,413.00,826.00,1239.00,826,413,0.00,0.00,0,0
1593016267,s7-eth1,0.00,0.00,0.00,0,0,0.00,0.00,0.00,0,0,0.00,0.00,0,0
1593016267,s7-eth3,0.00,0.00,0.00,0,0,0.00,0.00,0.00,0,0,0.00,0.00,0,0
1593016267,s8-eth1,0.00,0.00,0.00,0,0,0.00,0.00,0.00,0,0,0.00,0.00,0,0
1593016267,eth0,138.00,66.00,204.00,66,138,1.00,1.00,2.00,1,1,0.00,0.00,0,0
1593016267,lo,688.00,688.00,1376.00,688,688,12.00,12.00,24.00,12,12,0.00,0.00,0,0
1593016267,s4-eth3,0.00,0.00,0.00,0,0,0.00,0.00,0.00,0,0,0.00,0.00,0,0
1593016267,s5-eth1,0.00,0.00,0.00,0,0,0.00,0.00,0.00,0,0,0.00,0.00,0,0
1593016267,s5-eth3,0.00,0.00,0.00,0,0,0.00,0.00,0.00,0,0,0.00,0.00,0,0
1593016267,total,2555190.00,2555184.00,5110374.00,2555184,2555190,2491.00,2492.00,4983.00,2492,2491,0.00,0.00,0,0
1593016268,s1-eth1,1251840.00,27324.00,1279164.00,27324,1251840,828.00,414.00,1242.00,414,828,0.00,0.00,0,0
1593016268,s1-eth3,27324.00,1250326.00,1277650.00,1250326,27324,414.00,827.00,1241.00,827,414,0.00,0.00,0,0
1593016268,s1-eth2,0.00,0.00,0.00,0,0,0.00,0.00,0.00,0,0,0.00,0.00,0,0
1593016268,s6-eth1,0.00,0.00,0.00,0,0,0.00,0.00,0.00,0,0,0.00,0.00,0,0
1593016268,s6-eth3,0.00,0.00,0.00,0,0,0.00,0.00,0.00,0,0,0.00,0.00,0,0
1593016268,s2-eth1,1250326.00,27324.00,1277650.00,27324,1250326,827.00,414.00,1241.00,414,827,0.00,0.00,0,0
1593016268,s2-eth2,27324.00,1250326.00,1277650.00,1250326,27324,414.00,827.00,1241.00,827,414,0.00,0.00,0,0
1593016268,s7-eth1,0.00,0.00,0.00,0,0,0.00,0.00,0.00,0,0,0.00,0.00,0,0
1593016268,s7-eth3,0.00,0.00,0.00,0,0,0.00,0.00,0.00,0,0,0.00,0.00,0,0
1593016268,s8-eth1,0.00,0.00,0.00,0,0,0.00,0.00,0.00,0,0,0.00,0.00,0,0
1593016268,eth0,138.00,66.00,204.00,66,138,1.00,1.00,2.00,1,1,0.00,0.00,0,0
1593016268,lo,0.00,0.00,0.00,0,0,0.00,0.00,0.00,0,0,0.00,0.00,0,0
1593016268,s4-eth3,0.00,0.00,0.00,0,0,0.00,0.00,0.00,0,0,0.00,0.00,0,0
1593016268,s5-eth1,0.00,0.00,0.00,0,0,0.00,0.00,0.00,0,0,0.00,0.00,0,0
1593016268,s5-eth3,0.00,0.00,0.00,0,0,0.00,0.00,0.00,0,0,0.00,0.00,0,0
1593016268,total,2556952.00,2555366.00,5112318.00,2555366,2556952,2484.00,2483.00,4967.00,2483,2484,0.00,0.00,0,0
1593016269,s1-eth1,1249406.00,27258.00,1276664.00,27258,1249406,827.00,413.00,1240.00,413,827,0.00,0.00,0,0
1593016269,s1-eth3,27324.00,1250920.00,1278244.00,1250920,27324,414.00,828.00,1242.00,828,414,0.00,0.00,0,0
1593016269,s1-eth2,0.00,0.00,0.00,0,0,0.00,0.00,0.00,0,0,0.00,0.00,0,0
1593016269,s6-eth1,0.00,0.00,0.00,0,0,0.00,0.00,0.00,0,0,0.00,0.00,0,0
1593016269,s6-eth3,0.00,0.00,0.00,0,0,0.00,0.00,0.00,0,0,0.00,0.00,0,0
1593016269,s2-eth1,1250920.00,27324.00,1278244.00,27324,1250920,828.00,414.00,1242.00,414,828,0.00,0.00,0,0
1593016269,s2-eth2,27324.00,1250920.00,1278244.00,1250920,27324,414.00,828.00,1242.00,828,414,0.00,0.00,0,0
1593016269,s7-eth1,0.00,0.00,0.00,0,0,0.00,0.00,0.00,0,0,0.00,0.00,0,0
1593016269,s7-eth3,0.00,0.00,0.00,0,0,0.00,0.00,0.00,0,0,0.00,0.00,0,0
1593016269,s8-eth1,0.00,0.00,0.00,0,0,0.00,0.00,0.00,0,0,0.00,0.00,0,0
1593016269,eth0,138.00,66.00,204.00,66,138,1.00,1.00,2.00,1,1,0.00,0.00,0,0
1593016269,lo,0.00,0.00,0.00,0,0,0.00,0.00,0.00,0,0,0.00,0.00,0,0
1593016269,s4-eth3,0.00,0.00,0.00,0,0,0.00,0.00,0.00,0,0,0.00,0.00,0,0
1593016269,s5-eth1,0.00,0.00,0.00,0,0,0.00,0.00,0.00,0,0,0.00,0.00,0,0
1593016269,s5-eth3,0.00,0.00,0.00,0,0,0.00,0.00,0.00,0,0,0.00,0.00,0,0
1593016269,total,2555112.00,2556488.00,5111600.00,2556488,2555112,2484.00,2484.00,4968.00,2484,2484,0.00,0.00,0,0
1593016270,s1-eth1,1250224.00,27390.00,1277614.00,27390,1250224,828.00,415.00,1243.00,415,828,0.00,0.00,0,0
1593016270,s1-eth3,27390.00,1250224.00,1277614.00,1250224,27390,415.00,828.00,1243.00,828,415,0.00,0.00,0,0
1593016270,s1-eth2,0.00,0.00,0.00,0,0,0.00,0.00,0.00,0,0,0.00,0.00,0,0
1593016270,s6-eth1,0.00,0.00,0.00,0,0,0.00,0.00,0.00,0,0,0.00,0.00,0,0
1593016270,s6-eth3,0.00,0.00,0.00,0,0,0.00,0.00,0.00,0,0,0.00,0.00,0,0
1593016270,s2-eth1,1250224.00,27390.00,1277614.00,27390,1250224,828.00,415.00,1243.00,415,828,0.00,0.00,0,0
1593016270,s2-eth2,27324.00,1250224.00,1277548.00,1250224,27324,414.00,828.00,1242.00,828,414,0.00,0.00,0,0
1593016270,s7-eth1,0.00,0.00,0.00,0,0,0.00,0.00,0.00,0,0,0.00,0.00,0,0
1593016270,s7-eth3,0.00,0.00,0.00,0,0,0.00,0.00,0.00,0,0,0.00,0.00,0,0
1593016270,s8-eth1,0.00,0.00,0.00,0,0,0.00,0.00,0.00,0,0,0.00,0.00,0,0
1593016270,eth0,138.00,66.00,204.00,66,138,1.00,1.00,2.00,1,1,0.00,0.00,0,0
1593016270,lo,0.00,0.00,0.00,0,0,0.00,0.00,0.00,0,0,0.00,0.00,0,0
1593016270,s4-eth3,0.00,0.00,0.00,0,0,0.00,0.00,0.00,0,0,0.00,0.00,0,0
1593016270,s5-eth1,0.00,0.00,0.00,0,0,0.00,0.00,0.00,0,0,0.00,0.00,0,0
1593016270,s5-eth3,0.00,0.00,0.00,0,0,0.00,0.00,0.00,0,0,0.00,0.00,0,0
1593016270,total,2555300.00,2555294.00,5110594.00,2555294,2555300,2486.00,2487.00,4973.00,2487,2486,0.00,0.00,0,0
1593016271,s1-eth1,1251672.00,27324.00,1278996.00,27324,1251672,828.00,414.00,1242.00,414,828,0.00,0.00,0,0
1593016271,s1-eth3,27258.00,1250158.00,1277416.00,1250158,27258,413.00,827.00,1240.00,827,413,0.00,0.00,0,0
1593016271,s1-eth2,0.00,0.00,0.00,0,0,0.00,0.00,0.00,0,0,0.00,0.00,0,0
1593016271,s6-eth1,0.00,0.00,0.00,0,0,0.00,0.00,0.00,0,0,0.00,0.00,0,0
1593016271,s6-eth3,0.00,0.00,0.00,0,0,0.00,0.00,0.00,0,0,0.00,0.00,0,0
1593016271,s2-eth1,1250158.00,27258.00,1277416.00,27258,1250158,827.00,413.00,1240.00,413,827,0.00,0.00,0,0
1593016271,s2-eth2,27324.00,1250158.00,1277482.00,1250158,27324,414.00,827.00,1241.00,827,414,0.00,0.00,0,0
1593016271,s7-eth1,0.00,0.00,0.00,0,0,0.00,0.00,0.00,0,0,0.00,0.00,0,0
1593016271,s7-eth3,0.00,0.00,0.00,0,0,0.00,0.00,0.00,0,0,0.00,0.00,0,0
1593016271,s8-eth1,0.00,0.00,0.00,0,0,0.00,0.00,0.00,0,0,0.00,0.00,0,0
1593016271,eth0,138.00,66.00,204.00,66,138,1.00,1.00,2.00,1,1,0.00,0.00,0,0
1593016271,lo,344.00,344.00,688.00,344,344,6.00,6.00,12.00,6,6,0.00,0.00,0,0
1593016271,s4-eth3,0.00,0.00,0.00,0,0,0.00,0.00,0.00,0,0,0.00,0.00,0,0
1593016271,s5-eth1,0.00,0.00,0.00,0,0,0.00,0.00,0.00,0,0,0.00,0.00,0,0
1593016271,s5-eth3,0.00,0.00,0.00,0,0,0.00,0.00,0.00,0,0,0.00,0.00,0,0
1593016271,total,2556894.00,2555308.00,5112202.00,2555308,2556894,2489.00,2488.00,4977.00,2488,2489,0.00,0.00,0,0
1593016272,s1-eth1,1249340.00,27258.00,1276598.00,27258,1249340,826.00,413.00,1239.00,413,826,0.00,0.00,0,0
1593016272,s1-eth3,27324.00,1251032.00,1278356.00,1251032,27324,414.00,828.00,1242.00,828,414,0.00,0.00,0,0
1593016272,s1-eth2,0.00,0.00,0.00,0,0,0.00,0.00,0.00,0,0,0.00,0.00,0,0
1593016272,s6-eth1,0.00,0.00,0.00,0,0,0.00,0.00,0.00,0,0,0.00,0.00,0,0
1593016272,s6-eth3,0.00,0.00,0.00,0,0,0.00,0.00,0.00,0,0,0.00,0.00,0,0
1593016272,s2-eth1,1251032.00,27324.00,1278356.00,27324,1251032,828.00,414.00,1242.00,414,828,0.00,0.00,0,0
1593016272,s2-eth2,27324.00,1251032.00,1278356.00,1251032,27324,414.00,828.00,1242.00,828,414,0.00,0.00,0,0
1593016272,s7-eth1,0.00,0.00,0.00,0,0,0.00,0.00,0.00,0,0,0.00,0.00,0,0
1593016272,s7-eth3,0.00,0.00,0.00,0,0,0.00,0.00,0.00,0,0,0.00,0.00,0,0
1593016272,s8-eth1,0.00,0.00,0.00,0,0,0.00,0.00,0.00,0,0,0.00,0.00,0,0
1593016272,eth0,138.00,66.00,204.00,66,138,1.00,1.00,2.00,1,1,0.00,0.00,0,0
1593016272,lo,688.00,688.00,1376.00,688,688,12.00,12.00,24.00,12,12,0.00,0.00,0,0
1593016272,s4-eth3,0.00,0.00,0.00,0,0,0.00,0.00,0.00,0,0,0.00,0.00,0,0
1593016272,s5-eth1,0.00,0.00,0.00,0,0,0.00,0.00,0.00,0,0,0.00,0.00,0,0
1593016272,s5-eth3,0.00,0.00,0.00,0,0,0.00,0.00,0.00,0,0,0.00,0.00,0,0
1593016272,total,2555846.00,2557400.00,5113246.00,2557400,2555846,2495.00,2496.00,4991.00,2496,2495,0.00,0.00,0,0
1593016273,s1-eth1,1250102.00,27324.00,1277426.00,27324,1250102,827.00,414.00,1241.00,414,827,0.00,0.00,0,0
1593016273,s1-eth3,27192.00,1249924.00,1277116.00,1249924,27192,412.00,826.00,1238.00,826,412,0.00,0.00,0,0
1593016273,s1-eth2,0.00,0.00,0.00,0,0,0.00,0.00,0.00,0,0,0.00,0.00,0,0
1593016273,s6-eth1,0.00,0.00,0.00,0,0,0.00,0.00,0.00,0,0,0.00,0.00,0,0
1593016273,s6-eth3,0.00,0.00,0.00,0,0,0.00,0.00,0.00,0,0,0.00,0.00,0,0
1593016273,s2-eth1,1249924.00,27192.00,1277116.00,27192,1249924,826.00,412.00,1238.00,412,826,0.00,0.00,0,0
1593016273,s2-eth2,27192.00,1249924.00,1277116.00,1249924,27192,412.00,826.00,1238.00,826,412,0.00,0.00,0,0
1593016273,s7-eth1,0.00,0.00,0.00,0,0,0.00,0.00,0.00,0,0,0.00,0.00,0,0
1593016273,s7-eth3,0.00,0.00,0.00,0,0,0.00,0.00,0.00,0,0,0.00,0.00,0,0
1593016273,s8-eth1,0.00,0.00,0.00,0,0,0.00,0.00,0.00,0,0,0.00,0.00,0,0
1593016273,eth0,138.00,66.00,204.00,66,138,1.00,1.00,2.00,1,1,0.00,0.00,0,0
1593016273,lo,0.00,0.00,0.00,0,0,0.00,0.00,0.00,0,0,0.00,0.00,0,0
1593016273,s4-eth3,0.00,0.00,0.00,0,0,0.00,0.00,0.00,0,0,0.00,0.00,0,0
1593016273,s5-eth1,0.00,0.00,0.00,0,0,0.00,0.00,0.00,0,0,0.00,0.00,0,0
1593016273,s5-eth3,0.00,0.00,0.00,0,0,0.00,0.00,0.00,0,0,0.00,0.00,0,0
1593016273,total,2554548.00,2554430.00,5108978.00,2554430,2554548,2478.00,2479.00,4957.00,2479,2478,0.00,0.00,0,0
1593016274,s1-eth1,1251088.00,27390.00,1278478.00,27390,1251088,828.00,415.00,1243.00,415,828,0.00,0.00,0,0
1593016274,s1-eth3,27456.00,1251088.00,1278544.00,1251088,27456,416.00,828.00,1244.00,828,416,0.00,0.00,0,0
1593016274,s1-eth2,0.00,0.00,0.00,0,0,0.00,0.00,0.00,0,0,0.00,0.00,0,0
1593016274,s6-eth1,0.00,0.00,0.00,0,0,0.00,0.00,0.00,0,0,0.00,0.00,0,0
1593016274,s6-eth3,0.00,0.00,0.00,0,0,0.00,0.00,0.00,0,0,0.00,0.00,0,0
1593016274,s2-eth1,1251088.00,27456.00,1278544.00,27456,1251088,828.00,416.00,1244.00,416,828,0.00,0.00,0,0
1593016274,s2-eth2,27456.00,1249574.00,1277030.00,1249574,27456,416.00,827.00,1243.00,827,416,0.00,0.00,0,0
1593016274,s7-eth1,0.00,0.00,0.00,0,0,0.00,0.00,0.00,0,0,0.00,0.00,0,0
1593016274,s7-eth3,0.00,0.00,0.00,0,0,0.00,0.00,0.00,0,0,0.00,0.00,0,0
1593016274,s8-eth1,0.00,0.00,0.00,0,0,0.00,0.00,0.00,0,0,0.00,0.00,0,0
1593016274,eth0,138.00,66.00,204.00,66,138,1.00,1.00,2.00,1,1,0.00,0.00,0,0
1593016274,lo,0.00,0.00,0.00,0,0,0.00,0.00,0.00,0,0,0.00,0.00,0,0
1593016274,s4-eth3,0.00,0.00,0.00,0,0,0.00,0.00,0.00,0,0,0.00,0.00,0,0
1593016274,s5-eth1,0.00,0.00,0.00,0,0,0.00,0.00,0.00,0,0,0.00,0.00,0,0
1593016274,s5-eth3,0.00,0.00,0.00,0,0,0.00,0.00,0.00,0,0,0.00,0.00,0,0
1593016274,total,2557226.00,2555574.00,5112800.00,2555574,2557226,2489.00,2487.00,4976.00,2487,2489,0.00,0.00,0,0
1593016275,s1-eth1,1250158.00,27258.00,1277416.00,27258,1250158,827.00,413.00,1240.00,413,827,0.00,0.00,0,0
1593016275,s1-eth3,27324.00,1250158.00,1277482.00,1250158,27324,414.00,827.00,1241.00,827,414,0.00,0.00,0,0
1593016275,s1-eth2,0.00,0.00,0.00,0,0,0.00,0.00,0.00,0,0,0.00,0.00,0,0
1593016275,s6-eth1,0.00,0.00,0.00,0,0,0.00,0.00,0.00,0,0,0.00,0.00,0,0
1593016275,s6-eth3,0.00,0.00,0.00,0,0,0.00,0.00,0.00,0,0,0.00,0.00,0,0
1593016275,s2-eth1,1250158.00,27324.00,1277482.00,27324,1250158,827.00,414.00,1241.00,414,827,0.00,0.00,0,0
1593016275,s2-eth2,27324.00,1251672.00,1278996.00,1251672,27324,414.00,828.00,1242.00,828,414,0.00,0.00,0,0
1593016275,s7-eth1,0.00,0.00,0.00,0,0,0.00,0.00,0.00,0,0,0.00,0.00,0,0
1593016275,s7-eth3,0.00,0.00,0.00,0,0,0.00,0.00,0.00,0,0,0.00,0.00,0,0
1593016275,s8-eth1,0.00,0.00,0.00,0,0,0.00,0.00,0.00,0,0,0.00,0.00,0,0
1593016275,eth0,138.00,66.00,204.00,66,138,1.00,1.00,2.00,1,1,0.00,0.00,0,0
1593016275,lo,0.00,0.00,0.00,0,0,0.00,0.00,0.00,0,0,0.00,0.00,0,0
1593016275,s4-eth3,0.00,0.00,0.00,0,0,0.00,0.00,0.00,0,0,0.00,0.00,0,0
1593016275,s5-eth1,0.00,0.00,0.00,0,0,0.00,0.00,0.00,0,0,0.00,0.00,0,0
1593016275,s5-eth3,0.00,0.00,0.00,0,0,0.00,0.00,0.00,0,0,0.00,0.00,0,0
1593016275,total,2555102.00,2556478.00,5111580.00,2556478,2555102,2483.00,2483.00,4966.00,2483,2483,0.00,0.00,0,0
1593016276,s1-eth1,1250864.00,27390.00,1278254.00,27390,1250864,828.00,415.00,1243.00,415,828,0.00,0.00,0,0
1593016276,s1-eth3,27324.00,1250864.00,1278188.00,1250864,27324,414.00,828.00,1242.00,828,414,0.00,0.00,0,0
1593016276,s1-eth2,0.00,0.00,0.00,0,0,0.00,0.00,0.00,0,0,0.00,0.00,0,0
1593016276,s6-eth1,0.00,0.00,0.00,0,0,0.00,0.00,0.00,0,0,0.00,0.00,0,0
1593016276,s6-eth3,0.00,0.00,0.00,0,0,0.00,0.00,0.00,0,0,0.00,0.00,0,0
1593016276,s2-eth1,1250864.00,27324.00,1278188.00,27324,1250864,828.00,414.00,1242.00,414,828,0.00,0.00,0,0
1593016276,s2-eth2,27324.00,1249350.00,1276674.00,1249350,27324,414.00,827.00,1241.00,827,414,0.00,0.00,0,0
1593016276,s7-eth1,0.00,0.00,0.00,0,0,0.00,0.00,0.00,0,0,0.00,0.00,0,0
1593016276,s7-eth3,0.00,0.00,0.00,0,0,0.00,0.00,0.00,0,0,0.00,0.00,0,0
1593016276,s8-eth1,0.00,0.00,0.00,0,0,0.00,0.00,0.00,0,0,0.00,0.00,0,0
1593016276,eth0,138.00,66.00,204.00,66,138,1.00,1.00,2.00,1,1,0.00,0.00,0,0
1593016276,lo,344.00,344.00,688.00,344,344,6.00,6.00,12.00,6,6,0.00,0.00,0,0
1593016276,s4-eth3,0.00,0.00,0.00,0,0,0.00,0.00,0.00,0,0,0.00,0.00,0,0
1593016276,s5-eth1,0.00,0.00,0.00,0,0,0.00,0.00,0.00,0,0,0.00,0.00,0,0
1593016276,s5-eth3,0.00,0.00,0.00,0,0,0.00,0.00,0.00,0,0,0.00,0.00,0,0
1593016276,total,2556858.00,2555338.00,5112196.00,2555338,2556858,2491.00,2491.00,4982.00,2491,2491,0.00,0.00,0,0
1593016277,s1-eth1,1250336.00,27324.00,1277660.00,27324,1250336,828.00,414.00,1242.00,414,828,0.00,0.00,0,0
1593016277,s1-eth3,27390.00,1250336.00,1277726.00,1250336,27390,415.00,828.00,1243.00,828,415,0.00,0.00,0,0
1593016277,s1-eth2,0.00,0.00,0.00,0,0,0.00,0.00,0.00,0,0,0.00,0.00,0,0
1593016277,s6-eth1,0.00,0.00,0.00,0,0,0.00,0.00,0.00,0,0,0.00,0.00,0,0
1593016277,s6-eth3,0.00,0.00,0.00,0,0,0.00,0.00,0.00,0,0,0.00,0.00,0,0
1593016277,s2-eth1,1250336.00,27390.00,1277726.00,27390,1250336,828.00,415.00,1243.00,415,828,0.00,0.00,0,0
1593016277,s2-eth2,27324.00,1251850.00,1279174.00,1251850,27324,414.00,829.00,1243.00,829,414,0.00,0.00,0,0
1593016277,s7-eth1,0.00,0.00,0.00,0,0,0.00,0.00,0.00,0,0,0.00,0.00,0,0
1593016277,s7-eth3,0.00,0.00,0.00,0,0,0.00,0.00,0.00,0,0,0.00,0.00,0,0
1593016277,s8-eth1,0.00,0.00,0.00,0,0,0.00,0.00,0.00,0,0,0.00,0.00,0,0
1593016277,eth0,138.00,66.00,204.00,66,138,1.00,1.00,2.00,1,1,0.00,0.00,0,0
1593016277,lo,688.00,688.00,1376.00,688,688,12.00,12.00,24.00,12,12,0.00,0.00,0,0
1593016277,s4-eth3,0.00,0.00,0.00,0,0,0.00,0.00,0.00,0,0,0.00,0.00,0,0
1593016277,s5-eth1,0.00,0.00,0.00,0,0,0.00,0.00,0.00,0,0,0.00,0.00,0,0
1593016277,s5-eth3,0.00,0.00,0.00,0,0,0.00,0.00,0.00,0,0,0.00,0.00,0,0
1593016277,total,2556212.00,2557654.00,5113866.00,2557654,2556212,2498.00,2499.00,4997.00,2499,2498,0.00,0.00,0,0
1593016278,s1-eth1,1250920.00,27324.00,1278244.00,27324,1250920,828.00,414.00,1242.00,414,828,0.00,0.00,0,0
1593016278,s1-eth3,27324.00,1249406.00,1276730.00,1249406,27324,414.00,827.00,1241.00,827,414,0.00,0.00,0,0
1593016278,s1-eth2,0.00,0.00,0.00,0,0,0.00,0.00,0.00,0,0,0.00,0.00,0,0
1593016278,s6-eth1,0.00,0.00,0.00,0,0,0.00,0.00,0.00,0,0,0.00,0.00,0,0
1593016278,s6-eth3,0.00,0.00,0.00,0,0,0.00,0.00,0.00,0,0,0.00,0.00,0,0
1593016278,s2-eth1,1249406.00,27324.00,1276730.00,27324,1249406,827.00,414.00,1241.00,414,827,0.00,0.00,0,0
1593016278,s2-eth2,27324.00,1249406.00,1276730.00,1249406,27324,414.00,827.00,1241.00,827,414,0.00,0.00,0,0
1593016278,s7-eth1,0.00,0.00,0.00,0,0,0.00,0.00,0.00,0,0,0.00,0.00,0,0
1593016278,s7-eth3,0.00,0.00,0.00,0,0,0.00,0.00,0.00,0,0,0.00,0.00,0,0
1593016278,s8-eth1,0.00,0.00,0.00,0,0,0.00,0.00,0.00,0,0,0.00,0.00,0,0
1593016278,eth0,138.00,66.00,204.00,66,138,1.00,1.00,2.00,1,1,0.00,0.00,0,0
1593016278,lo,0.00,0.00,0.00,0,0,0.00,0.00,0.00,0,0,0.00,0.00,0,0
1593016278,s4-eth3,0.00,0.00,0.00,0,0,0.00,0.00,0.00,0,0,0.00,0.00,0,0
1593016278,s5-eth1,0.00,0.00,0.00,0,0,0.00,0.00,0.00,0,0,0.00,0.00,0,0
1593016278,s5-eth3,0.00,0.00,0.00,0,0,0.00,0.00,0.00,0,0,0.00,0.00,0,0
1593016278,total,2555112.00,2553526.00,5108638.00,2553526,2555112,2484.00,2483.00,4967.00,2483,2484,0.00,0.00,0,0
1593016279,s1-eth1,1250854.00,27390.00,1278244.00,27390,1250854,827.00,415.00,1242.00,415,827,0.00,0.00,0,0
1593016279,s1-eth3,27390.00,1250854.00,1278244.00,1250854,27390,415.00,827.00,1242.00,827,415,0.00,0.00,0,0
1593016279,s1-eth2,0.00,0.00,0.00,0,0,0.00,0.00,0.00,0,0,0.00,0.00,0,0
1593016279,s6-eth1,0.00,0.00,0.00,0,0,0.00,0.00,0.00,0,0,0.00,0.00,0,0
1593016279,s6-eth3,0.00,0.00,0.00,0,0,0.00,0.00,0.00,0,0,0.00,0.00,0,0
1593016279,s2-eth1,1250854.00,27390.00,1278244.00,27390,1250854,827.00,415.00,1242.00,415,827,0.00,0.00,0,0
1593016279,s2-eth2,27390.00,1250854.00,1278244.00,1250854,27390,415.00,827.00,1242.00,827,415,0.00,0.00,0,0
1593016279,s7-eth1,0.00,0.00,0.00,0,0,0.00,0.00,0.00,0,0,0.00,0.00,0,0
1593016279,s7-eth3,0.00,0.00,0.00,0,0,0.00,0.00,0.00,0,0,0.00,0.00,0,0
1593016279,s8-eth1,0.00,0.00,0.00,0,0,0.00,0.00,0.00,0,0,0.00,0.00,0,0
1593016279,eth0,138.00,66.00,204.00,66,138,1.00,1.00,2.00,1,1,0.00,0.00,0,0
1593016279,lo,0.00,0.00,0.00,0,0,0.00,0.00,0.00,0,0,0.00,0.00,0,0
1593016279,s4-eth3,0.00,0.00,0.00,0,0,0.00,0.00,0.00,0,0,0.00,0.00,0,0
1593016279,s5-eth1,0.00,0.00,0.00,0,0,0.00,0.00,0.00,0,0,0.00,0.00,0,0
1593016279,s5-eth3,0.00,0.00,0.00,0,0,0.00,0.00,0.00,0,0,0.00,0.00,0,0
1593016279,total,2556626.00,2556554.00,5113180.00,2556554,2556626,2485.00,2485.00,4970.00,2485,2485,0.00,0.00,0,0
1593016280,s1-eth1,1249340.00,27324.00,1276664.00,27324,1249340,826.00,414.00,1240.00,414,826,0.00,0.00,0,0
1593016280,s1-eth3,27324.00,1250854.00,1278178.00,1250854,27324,414.00,827.00,1241.00,827,414,0.00,0.00,0,0
1593016280,s1-eth2,0.00,0.00,0.00,0,0,0.00,0.00,0.00,0,0,0.00,0.00,0,0
1593016280,s6-eth1,0.00,0.00,0.00,0,0,0.00,0.00,0.00,0,0,0.00,0.00,0,0
1593016280,s6-eth3,0.00,0.00,0.00,0,0,0.00,0.00,0.00,0,0,0.00,0.00,0,0
1593016280,s2-eth1,1250854.00,27324.00,1278178.00,27324,1250854,827.00,414.00,1241.00,414,827,0.00,0.00,0,0
1593016280,s2-eth2,27324.00,1250854.00,1278178.00,1250854,27324,414.00,827.00,1241.00,827,414,0.00,0.00,0,0
1593016280,s7-eth1,0.00,0.00,0.00,0,0,0.00,0.00,0.00,0,0,0.00,0.00,0,0
1593016280,s7-eth3,0.00,0.00,0.00,0,0,0.00,0.00,0.00,0,0,0.00,0.00,0,0
1593016280,s8-eth1,0.00,0.00,0.00,0,0,0.00,0.00,0.00,0,0,0.00,0.00,0,0
1593016280,eth0,138.00,66.00,204.00,66,138,1.00,1.00,2.00,1,1,0.00,0.00,0,0
1593016280,lo,0.00,0.00,0.00,0,0,0.00,0.00,0.00,0,0,0.00,0.00,0,0
1593016280,s4-eth3,0.00,0.00,0.00,0,0,0.00,0.00,0.00,0,0,0.00,0.00,0,0
1593016280,s5-eth1,0.00,0.00,0.00,0,0,0.00,0.00,0.00,0,0,0.00,0.00,0,0
1593016280,s5-eth3,0.00,0.00,0.00,0,0,0.00,0.00,0.00,0,0,0.00,0.00,0,0
1593016280,total,2554980.00,2556422.00,5111402.00,2556422,2554980,2482.00,2483.00,4965.00,2483,2482,0.00,0.00,0,0
1593016281,s1-eth1,1250910.00,27258.00,1278168.00,27258,1250910,827.00,413.00,1240.00,413,827,0.00,0.00,0,0
1593016281,s1-eth3,27258.00,1250910.00,1278168.00,1250910,27258,413.00,827.00,1240.00,827,413,0.00,0.00,0,0
1593016281,s1-eth2,0.00,0.00,0.00,0,0,0.00,0.00,0.00,0,0,0.00,0.00,0,0
1593016281,s6-eth1,0.00,0.00,0.00,0,0,0.00,0.00,0.00,0,0,0.00,0.00,0,0
1593016281,s6-eth3,0.00,0.00,0.00,0,0,0.00,0.00,0.00,0,0,0.00,0.00,0,0
1593016281,s2-eth1,1250910.00,27258.00,1278168.00,27258,1250910,827.00,413.00,1240.00,413,827,0.00,0.00,0,0
1593016281,s2-eth2,27258.00,1250910.00,1278168.00,1250910,27258,413.00,827.00,1240.00,827,413,0.00,0.00,0,0
1593016281,s7-eth1,0.00,0.00,0.00,0,0,0.00,0.00,0.00,0,0,0.00,0.00,0,0
1593016281,s7-eth3,0.00,0.00,0.00,0,0,0.00,0.00,0.00,0,0,0.00,0.00,0,0
1593016281,s8-eth1,0.00,0.00,0.00,0,0,0.00,0.00,0.00,0,0,0.00,0.00,0,0
1593016281,eth0,138.00,66.00,204.00,66,138,1.00,1.00,2.00,1,1,0.00,0.00,0,0
1593016281,lo,344.00,344.00,688.00,344,344,6.00,6.00,12.00,6,6,0.00,0.00,0,0
1593016281,s4-eth3,0.00,0.00,0.00,0,0,0.00,0.00,0.00,0,0,0.00,0.00,0,0
1593016281,s5-eth1,0.00,0.00,0.00,0,0,0.00,0.00,0.00,0,0,0.00,0.00,0,0
1593016281,s5-eth3,0.00,0.00,0.00,0,0,0.00,0.00,0.00,0,0,0.00,0.00,0,0
1593016281,total,2556818.00,2556746.00,5113564.00,2556746,2556818,2487.00,2487.00,4974.00,2487,2487,0.00,0.00,0,0
1593016282,s6-eth1,0.00,0.00,0.00,0,0,0.00,0.00,0.00,0,0,