1592995079,s1-eth1,0.00,0.00,0.00,0,0,0.00,0.00,0.00,0,0,0.00,0.00,0,0
1592995079,s1-eth2,0.00,0.00,0.00,0,0,0.00,0.00,0.00,0,0,0.00,0.00,0,0
1592995079,s2-eth1,0.00,0.00,0.00,0,0,0.00,0.00,0.00,0,0,0.00,0.00,0,0
1592995079,s2-eth2,0.00,0.00,0.00,0,0,0.00,0.00,0.00,0,0,0.00,0.00,0,0
1592995079,s3-eth1,0.00,0.00,0.00,0,0,0.00,0.00,0.00,0,0,0.00,0.00,0,0
1592995079,s3-eth2,0.00,0.00,0.00,0,0,0.00,0.00,0.00,0,0,0.00,0.00,0,0
1592995079,eth0,0.00,0.00,0.00,0,0,0.00,0.00,0.00,0,0,0.00,0.00,0,0
1592995079,lo,0.00,0.00,0.00,0,0,0.00,0.00,0.00,0,0,0.00,0.00,0,0
1592995079,total,0.00,0.00,0.00,0,0,0.00,0.00,0.00,0,0,0.00,0.00,0,0
1592995080,s1-eth1,126550.00,2842.00,129392.00,2842,126550,85.00,43.00,128.00,43,85,0.00,0.00,0,0
1592995080,s1-eth2,2842.00,125036.00,127878.00,125036,2842,43.00,84.00,127.00,84,43,0.00,0.00,0,0
1592995080,s2-eth1,125036.00,2842.00,127878.00,2842,125036,84.00,43.00,127.00,43,84,0.00,0.00,0,0
1592995080,s2-eth2,2842.00,125036.00,127878.00,125036,2842,43.00,84.00,127.00,84,43,0.00,0.00,0,0
1592995080,s3-eth1,125036.00,2842.00,127878.00,2842,125036,84.00,43.00,127.00,43,84,0.00,0.00,0,0
1592995080,s3-eth2,2776.00,125036.00,127812.00,125036,2776,42.00,84.00,126.00,84,42,0.00,0.00,0,0
1592995080,eth0,0.00,0.00,0.00,0,0,0.00,0.00,0.00,0,0,0.00,0.00,0,0
1592995080,lo,1608.00,1608.00,3216.00,1608,1608,18.00,18.00,36.00,18,18,0.00,0.00,0,0
1592995080,total,386690.00,385242.00,771932.00,385242,386690,399.00,399.00,798.00,399,399,0.00,0.00,0,0
1592995081,s1-eth1,125056.00,2772.00,127828.00,2772,125056,84.00,42.00,126.00,42,84,0.00,0.00,0,0
1592995081,s1-eth2,2772.00,125056.00,127828.00,125056,2772,42.00,84.00,126.00,84,42,0.00,0.00,0,0
1592995081,s2-eth1,125056.00,2772.00,127828.00,2772,125056,84.00,42.00,126.00,42,84,0.00,0.00,0,0
1592995081,s2-eth2,2772.00,125056.00,127828.00,125056,2772,42.00,84.00,126.00,84,42,0.00,0.00,0,0
1592995081,s3-eth1,125056.00,2772.00,127828.00,2772,125056,84.00,42.00,126.00,42,84,0.00,0.00,0,0
1592995081,s3-eth2,2838.00,125056.00,127894.00,125056,2838,43.00,84.00,127.00,84,43,0.00,0.00,0,0
1592995081,eth0,0.00,0.00,0.00,0,0,0.00,0.00,0.00,0,0,0.00,0.00,0,0
1592995081,lo,864.00,864.00,1728.00,864,864,9.00,9.00,18.00,9,9,0.00,0.00,0,0
1592995081,total,384414.00,384348.00,768762.00,384348,384414,388.00,387.00,775.00,387,388,0.00,0.00,0,0
1592995083,s1-eth1,124966.00,2904.00,127870.00,2904,124966,83.00,44.00,127.00,44,83,0.00,0.00,0,0
1592995083,s1-eth2,2904.00,124966.00,127870.00,124966,2904,44.00,83.00,127.00,83,44,0.00,0.00,0,0
1592995083,s2-eth1,124966.00,2904.00,127870.00,2904,124966,83.00,44.00,127.00,44,83,0.00,0.00,0,0
1592995083,s2-eth2,2904.00,124966.00,127870.00,124966,2904,44.00,83.00,127.00,83,44,0.00,0.00,0,0
1592995083,s3-eth1,124966.00,2904.00,127870.00,2904,124966,83.00,44.00,127.00,44,83,0.00,0.00,0,0
1592995083,s3-eth2,2904.00,124966.00,127870.00,124966,2904,44.00,83.00,127.00,83,44,0.00,0.00,0,0
1592995083,eth0,0.00,0.00,0.00,0,0,0.00,0.00,0.00,0,0,0.00,0.00,0,0
1592995083,lo,0.00,0.00,0.00,0,0,0.00,0.00,0.00,0,0,0.00,0.00,0,0
1592995083,total,383610.00,383610.00,767220.00,383610,383610,381.00,381.00,762.00,381,381,0.00,0.00,0,0
1592995084,s1-eth1,124966.00,2904.00,127870.00,2904,124966,83.00,44.00,127.00,44,83,0.00,0.00,0,0
1592995084,s1-eth2,2904.00,124966.00,127870.00,124966,2904,44.00,83.00,127.00,83,44,0.00,0.00,0,0
1592995084,s2-eth1,124966.00,2904.00,127870.00,2904,124966,83.00,44.00,127.00,44,83,0.00,0.00,0,0
1592995084,s2-eth2,2904.00,124966.00,127870.00,124966,2904,44.00,83.00,127.00,83,44,0.00,0.00,0,0
1592995084,s3-eth1,124966.00,2904.00,127870.00,2904,124966,83.00,44.00,127.00,44,83,0.00,0.00,0,0
1592995084,s3-eth2,2904.00,124966.00,127870.00,124966,2904,44.00,83.00,127.00,83,44,0.00,0.00,0,0
1592995084,eth0,0.00,0.00,0.00,0,0,0.00,0.00,0.00,0,0,0.00,0.00,0,0
1592995084,lo,0.00,0.00,0.00,0,0,0.00,0.00,0.00,0,0,0.00,0.00,0,0
1592995084,total,383610.00,383610.00,767220.00,383610,383610,381.00,381.00,762.00,381,381,0.00,0.00,0,0
1592995085,s1-eth1,124218.00,3064.00,127282.00,3064,124218,83.00,46.00,129.00,46,83,0.00,0.00,0,0
1592995085,s1-eth2,3064.00,124218.00,127282.00,124218,3064,46.00,83.00,129.00,83,46,0.00,0.00,0,0
1592995085,s2-eth1,124218.00,3064.00,127282.00,3064,124218,83.00,46.00,129.00,46,83,0.00,0.00,0,0
1592995085,s2-eth2,3064.00,124218.00,127282.00,124218,3064,46.00,83.00,129.00,83,46,0.00,0.00,0,0
1592995085,s3-eth1,124218.00,3064.00,127282.00,3064,124218,83.00,46.00,129.00,46,83,0.00,0.00,0,0
1592995085,s3-eth2,3064.00,124218.00,127282.00,124218,3064,46.00,83.00,129.00,83,46,0.00,0.00,0,0
1592995085,eth0,0.00,0.00,0.00,0,0,0.00,0.00,0.00,0,0,0.00,0.00,0,0
1592995085,lo,2472.00,2472.00,4944.00,2472,2472,27.00,27.00,54.00,27,27,0.00,0.00,0,0
1592995085,total,384318.00,384318.00,768636.00,384318,384318,414.00,414.00,828.00,414,414,0.00,0.00,0,0
1592995086,s1-eth1,125658.34,3098.90,128757.25,3102,125784,83.92,46.95,130.87,47,84,0.00,0.00,0,0
1592995086,s1-eth2,3098.90,125658.34,128757.25,125784,3102,46.95,83.92,130.87,84,47,0.00,0.00,0,0
1592995086,s2-eth1,125658.34,3098.90,128757.25,3102,125784,83.92,46.95,130.87,47,84,0.00,0.00,0,0
1592995086,s2-eth2,3098.90,125658.34,128757.25,125784,3102,46.95,83.92,130.87,84,47,0.00,0.00,0,0
1592995086,s3-eth1,125658.34,3098.90,128757.25,3102,125784,83.92,46.95,130.87,47,84,0.00,0.00,0,0
1592995086,s3-eth2,3098.90,125658.34,128757.25,125784,3102,46.95,83.92,130.87,84,47,0.00,0.00,0,0
1592995086,eth0,0.00,0.00,0.00,0,0,0.00,0.00,0.00,0,0,0.00,0.00,0,0
1592995086,lo,0.00,0.00,0.00,0,0,0.00,0.00,0.00,0,0,0.00,0.00,0,0
1592995086,total,386271.75,386271.75,772543.50,386658,386658,392.61,392.61,785.21,393,393,0.00,0.00,0,0
1592995087,s1-eth1,124966.00,3036.00,128002.00,3036,124966,83.00,46.00,129.00,46,83,0.00,0.00,0,0
1592995087,s1-eth2,3036.00,124966.00,128002.00,124966,3036,46.00,83.00,129.00,83,46,0.00,0.00,0,0
1592995087,s2-eth1,124966.00,3036.00,128002.00,3036,124966,83.00,46.00,129.00,46,83,0.00,0.00,0,0
1592995087,s2-eth2,3036.00,124966.00,128002.00,124966,3036,46.00,83.00,129.00,83,46,0.00,0.00,0,0
1592995087,s3-eth1,124966.00,3036.00,128002.00,3036,124966,83.00,46.00,129.00,46,83,0.00,0.00,0,0
1592995087,s3-eth2,3036.00,124966.00,128002.00,124966,3036,46.00,83.00,129.00,83,46,0.00,0.00,0,0
1592995087,eth0,0.00,0.00,0.00,0,0,0.00,0.00,0.00,0,0,0.00,0.00,0,0
1592995087,lo,0.00,0.00,0.00,0,0,0.00,0.00,0.00,0,0,0.00,0.00,0,0
1592995087,total,384006.00,384006.00,768012.00,384006,384006,387.00,387.00,774.00,387,387,0.00,0.00,0,0
1592995088,s1-eth1,124841.16,2769.23,127610.39,2772,124966,82.92,41.96,124.88,42,83,0.00,0.00,0,0
1592995088,s1-eth2,2769.23,124841.16,127610.39,124966,2772,41.96,82.92,124.88,83,42,0.00,0.00,0,0
1592995088,s2-eth1,124841.16,2769.23,127610.39,2772,124966,82.92,41.96,124.88,42,83,0.00,0.00,0,0
1592995088,s2-eth2,2769.23,124841.16,127610.39,124966,2772,41.96,82.92,124.88,83,42,0.00,0.00,0,0
1592995088,s3-eth1,124841.16,2769.23,127610.39,2772,124966,82.92,41.96,124.88,42,83,0.00,0.00,0,0
1592995088,s3-eth2,2769.23,124841.16,127610.39,124966,2772,41.96,82.92,124.88,83,42,0.00,0.00,0,0
1592995088,eth0,0.00,0.00,0.00,0,0,0.00,0.00,0.00,0,0,0.00,0.00,0,0
1592995088,lo,0.00,0.00,0.00,0,0,0.00,0.00,0.00,0,0,0.00,0.00,0,0
1592995088,total,382831.19,382831.19,765662.38,383214,383214,374.63,374.63,749.25,375,375,0.00,0.00,0,0
1592995089,s1-eth1,125732.00,2908.00,128640.00,2908,125732,84.00,44.00,128.00,44,84,0.00,0.00,0,0
1592995089,s1-eth2,2908.00,125732.00,128640.00,125732,2908,44.00,84.00,128.00,84,44,0.00,0.00,0,0
1592995089,s2-eth1,125732.00,2908.00,128640.00,2908,125732,84.00,44.00,128.00,44,84,0.00,0.00,0,0
1592995089,s2-eth2,2908.00,125732.00,128640.00,125732,2908,44.00,84.00,128.00,84,44,0.00,0.00,0,0
1592995089,s3-eth1,125732.00,2908.00,128640.00,2908,125732,84.00,44.00,128.00,44,84,0.00,0.00,0,0
1592995089,s3-eth2,2908.00,125732.00,128640.00,125732,2908,44.00,84.00,128.00,84,44,0.00,0.00,0,0
1592995089,eth0,0.00,0.00,0.00,0,0,0.00,0.00,0.00,0,0,0.00,0.00,0,0
1592995089,lo,1608.00,1608.00,3216.00,1608,1608,18.00,18.00,36.00,18,18,0.00,0.00,0,0
1592995089,total,387528.00,387528.00,775056.00,387528,387528,402.00,402.00,804.00,402,402,0.00,0.00,0,0
1592995090,s1-eth1,124270.00,3168.00,127438.00,3168,124270,83.00,48.00,131.00,48,83,0.00,0.00,0,0
1592995090,s1-eth2,3168.00,124270.00,127438.00,124270,3168,48.00,83.00,131.00,83,48,0.00,0.00,0,0
1592995090,s2-eth1,124270.00,3168.00,127438.00,3168,124270,83.00,48.00,131.00,48,83,0.00,0.00,0,0
1592995090,s2-eth2,3168.00,124270.00,127438.00,124270,3168,48.00,83.00,131.00,83,48,0.00,0.00,0,0
1592995090,s3-eth1,124270.00,3168.00,127438.00,3168,124270,83.00,48.00,131.00,48,83,0.00,0.00,0,0
1592995090,s3-eth2,3168.00,124270.00,127438.00,124270,3168,48.00,83.00,131.00,83,48,0.00,0.00,0,0
1592995090,eth0,0.00,0.00,0.00,0,0,0.00,0.00,0.00,0,0,0.00,0.00,0,0
1592995090,lo,0.00,0.00,0.00,0,0,0.00,0.00,0.00,0,0,0.00,0.00,0,0
1592995090,total,382314.00,382314.00,764628.00,382314,382314,393.00,393.00,786.00,393,393,0.00,0.00,0,0
1592995091,s1-eth1,124966.00,2772.00,127738.00,2772,124966,83.00,42.00,125.00,42,83,0.00,0.00,0,0
1592995091,s1-eth2,2772.00,124966.00,127738.00,124966,2772,42.00,83.00,125.00,83,42,0.00,0.00,0,0
1592995091,s2-eth1,124966.00,2772.00,127738.00,2772,124966,83.00,42.00,125.00,42,83,0.00,0.00,0,0
1592995091,s2-eth2,2772.00,124966.00,127738.00,124966,2772,42.00,83.00,125.00,83,42,0.00,0.00,0,0
1592995091,s3-eth1,124966.00,2772.00,127738.00,2772,124966,83.00,42.00,125.00,42,83,0.00,0.00,0,0
1592995091,s3-eth2,2772.00,124966.00,127738.00,124966,2772,42.00,83.00,125.00,83,42,0.00,0.00,0,0
1592995091,eth0,0.00,0.00,0.00,0,0,0.00,0.00,0.00,0,0,0.00,0.00,0,0
1592995091,lo,0.00,0.00,0.00,0,0,0.00,0.00,0.00,0,0,0.00,0.00,0,0
1592995091,total,383214.00,383214.00,766428.00,383214,383214,375.00,375.00,750.00,375,375,0.00,0.00,0,0
1592995092,s1-eth1,125662.00,3300.00,128962.00,3300,125662,83.00,50.00,133.00,50,83,0.00,0.00,0,0
1592995092,s1-eth2,3300.00,125662.00,128962.00,125662,3300,50.00,83.00,133.00,83,50,0.00,0.00,0,0
1592995092,s2-eth1,125662.00,3300.00,128962.00,3300,125662,83.00,50.00,133.00,50,83,0.00,0.00,0,0
1592995092,s2-eth2,3300.00,125662.00,128962.00,125662,3300,50.00,83.00,133.00,83,50,0.00,0.00,0,0
1592995092,s3-eth1,125662.00,3300.00,128962.00,3300,125662,83.00,50.00,133.00,50,83,0.00,0.00,0,0
1592995092,s3-eth2,3300.00,125662.00,128962.00,125662,3300,50.00,83.00,133.00,83,50,0.00,0.00,0,0
1592995092,eth0,0.00,0.00,0.00,0,0,0.00,0.00,0.00,0,0,0.00,0.00,0,0
1592995092,lo,0.00,0.00,0.00,0,0,0.00,0.00,0.00,0,0,0.00,0.00,0,0
1592995092,total,386886.00,386886.00,773772.00,386886,386886,399.00,399.00,798.00,399,399,0.00,0.00,0,0
1592995093,s1-eth1,124148.00,2706.00,126854.00,2706,124148,82.00,41.00,123.00,41,82,0.00,0.00,0,0
1592995093,s1-eth2,2706.00,125662.00,128368.00,125662,2706,41.00,83.00,124.00,83,41,0.00,0.00,0,0
1592995093,s2-eth1,125662.00,2706.00,128368.00,2706,125662,83.00,41.00,124.00,41,83,0.00,0.00,0,0
1592995093,s2-eth2,2706.00,125662.00,128368.00,125662,2706,41.00,83.00,124.00,83,41,0.00,0.00,0,0
1592995093,s3-eth1,125662.00,2706.00,128368.00,2706,125662,83.00,41.00,124.00,41,83,0.00,0.00,0,0
1592995093,s3-eth2,2706.00,125662.00,128368.00,125662,2706,41.00,83.00,124.00,83,41,0.00,0.00,0,0
1592995093,eth0,0.00,0.00,0.00,0,0,0.00,0.00,0.00,0,0,0.00,0.00,0,0
1592995093,lo,0.00,0.00,0.00,0,0,0.00,0.00,0.00,0,0,0.00,0.00,0,0
1592995093,total,383590.00,385104.00,768694.00,385104,383590,371.00,372.00,743.00,372,371,0.00,0.00,0,0
1592995094,s1-eth1,125784.00,3234.00,129018.00,3234,125784,84.00,49.00,133.00,49,84,0.00,0.00,0,0
1592995094,s1-eth2,3234.00,124270.00,127504.00,124270,3234,49.00,83.00,132.00,83,49,0.00,0.00,0,0
1592995094,s2-eth1,124270.00,3234.00,127504.00,3234,124270,83.00,49.00,132.00,49,83,0.00,0.00,0,0
1592995094,s2-eth2,3234.00,124270.00,127504.00,124270,3234,49.00,83.00,132.00,83,49,0.00,0.00,0,0
1592995094,s3-eth1,124270.00,3234.00,127504.00,3234,124270,83.00,49.00,132.00,49,83,0.00,0.00,0,0
1592995094,s3-eth2,3234.00,124270.00,127504.00,124270,3234,49.00,83.00,132.00,83,49,0.00,0.00,0,0
1592995094,eth0,342.00,342.00,684.00,342,342,1.00,1.00,2.00,1,1,0.00,0.00,0,0
1592995094,lo,516.00,516.00,1032.00,516,516,9.00,9.00,18.00,9,9,0.00,0.00,0,0
1592995094,total,384884.00,383370.00,768254.00,383370,384884,407.00,406.00,813.00,406,407,0.00,0.00,0,0
1592995095,s1-eth1,125662.00,2706.00,128368.00,2706,125662,83.00,41.00,124.00,41,83,0.00,0.00,0,0
1592995095,s1-eth2,2706.00,125662.00,128368.00,125662,2706,41.00,83.00,124.00,83,41,0.00,0.00,0,0
1592995095,s2-eth1,125662.00,2706.00,128368.00,2706,125662,83.00,41.00,124.00,41,83,0.00,0.00,0,0
1592995095,s2-eth2,2706.00,125662.00,128368.00,125662,2706,41.00,83.00,124.00,83,41,0.00,0.00,0,0
1592995095,s3-eth1,125662.00,2706.00,128368.00,2706,125662,83.00,41.00,124.00,41,83,0.00,0.00,0,0
1592995095,s3-eth2,2706.00,125662.00,128368.00,125662,2706,41.00,83.00,124.00,83,41,0.00,0.00,0,0
1592995095,eth0,0.00,0.00,0.00,0,0,0.00,0.00,0.00,0,0,0.00,0.00,0,0
1592995095,lo,0.00,0.00,0.00,0,0,0.00,0.00,0.00,0,0,0.00,0.00,0,0
1592995095,total,385104.00,385104.00,770208.00,385104,385104,372.00,372.00,744.00,372,372,0.00,0.00,0,0
1592995096,s1-eth1,124270.00,2772.00,127042.00,2772,124270,83.00,42.00,125.00,42,83,0.00,0.00,0,0
1592995096,s1-eth2,2772.00,124270.00,127042.00,124270,2772,42.00,83.00,125.00,83,42,0.00,0.00,0,0
1592995096,s2-eth1,124270.00,2772.00,127042.00,2772,124270,83.00,42.00,125.00,42,83,0.00,0.00,0,0
1592995096,s2-eth2,2772.00,124270.00,127042.00,124270,2772,42.00,83.00,125.00,83,42,0.00,0.00,0,0
1592995096,s3-eth1,124270.00,2772.00,127042.00,2772,124270,83.00,42.00,125.00,42,83,0.00,0.00,0,0
1592995096,s3-eth2,2772.00,124270.00,127042.00,124270,2772,42.00,83.00,125.00,83,42,0.00,0.00,0,0
1592995096,eth0,0.00,0.00,0.00,0,0,0.00,0.00,0.00,0,0,0.00,0.00,0,0
1592995096,lo,0.00,0.00,0.00,0,0,0.00,0.00,0.00,0,0,0.00,0.00,0,0
1592995096,total,381126.00,381126.00,762252.00,381126,381126,375.00,375.00,750.00,375,375,0.00,0.00,0,0
1592995097,s1-eth1,125662.00,3234.00,128896.00,3234,125662,83.00,49.00,132.00,49,83,0.00,0.00,0,0
1592995097,s1-eth2,3234.00,125662.00,128896.00,125662,3234,49.00,83.00,132.00,83,49,0.00,0.00,0,0
1592995097,s2-eth1,125662.00,3234.00,128896.00,3234,125662,83.00,49.00,132.00,49,83,0.00,0.00,0,0
1592995097,s2-eth2,3234.00,125662.00,128896.00,125662,3234,49.00,83.00,132.00,83,49,0.00,0.00,0,0
1592995097,s3-eth1,125662.00,3234.00,128896.00,3234,125662,83.00,49.00,132.00,49,83,0.00,0.00,0,0
1592995097,s3-eth2,3234.00,125662.00,128896.00,125662,3234,49.00,83.00,132.00,83,49,0.00,0.00,0,0
1592995097,eth0,0.00,0.00,0.00,0,0,0.00,0.00,0.00,0,0,0.00,0.00,0,0
1592995097,lo,0.00,0.00,0.00,0,0,0.00,0.00,0.00,0,0,0.00,0.00,0,0
1592995097,total,386688.00,386688.00,773376.00,386688,386688,396.00,396.00,792.00,396,396,0.00,0.00,0,0
1592995098,s1-eth1,124270.00,2706.00,126976.00,2706,124270,83.00,41.00,124.00,41,83,0.00,0.00,0,0
1592995098,s1-eth2,2706.00,124270.00,126976.00,124270,2706,41.00,83.00,124.00,83,41,0.00,0.00,0,0
1592995098,s2-eth1,124270.00,2706.00,126976.00,2706,124270,83.00,41.00,124.00,41,83,0.00,0.00,0,0
1592995098,s2-eth2,2706.00,124270.00,126976.00,124270,2706,41.00,83.00,124.00,83,41,0.00,0.00,0,0
1592995098,s3-eth1,124270.00,2706.00,126976.00,2706,124270,83.00,41.00,124.00,41,83,0.00,0.00,0,0
1592995098,s3-eth2,2706.00,124270.00,126976.00,124270,2706,41.00,83.00,124.00,83,41,0.00,0.00,0,0
1592995098,eth0,0.00,0.00,0.00,0,0,0.00,0.00,0.00,0,0,0.00,0.00,0,0
1592995098,lo,0.00,0.00,0.00,0,0,0.00,0.00,0.00,0,0,0.00,0.00,0,0
1592995098,total,380928.00,380928.00,761856.00,380928,380928,372.00,372.00,744.00,372,372,0.00,0.00,0,0
1592995099,s1-eth1,125662.00,2772.00,128434.00,2772,125662,83.00,42.00,125.00,42,83,0.00,0.00,0,0
1592995099,s1-eth2,2772.00,125662.00,128434.00,125662,2772,42.00,83.00,125.00,83,42,0.00,0.00,0,0
1592995099,s2-eth1,125662.00,2772.00,128434.00,2772,125662,83.00,42.00,125.00,42,83,0.00,0.00,0,0
1592995099,s2-eth2,2772.00,125662.00,128434.00,125662,2772,42.00,83.00,125.00,83,42,0.00,0.00,0,0
1592995099,s3-eth1,125662.00,2772.00,128434.00,2772,125662,83.00,42.00,125.00,42,83,0.00,0.00,0,0
1592995099,s3-eth2,2772.00,125662.00,128434.00,125662,2772,42.00,83.00,125.00,83,42,0.00,0.00,0,0
1592995099,eth0,60.00,60.00,120.00,60,60,1.00,1.00,2.00,1,1,0.00,0.00,0,0
1592995099,lo,516.00,516.00,1032.00,516,516,9.00,9.00,18.00,9,9,0.00,0.00,0,0
1592995099,total,385878.00,385878.00,771756.00,385878,385878,385.00,385.00,770.00,385,385,0.00,0.00,0,0
1592995100,s1-eth1,124148.00,3234.00,127382.00,3234,124148,82.00,49.00,131.00,49,82,0.00,0.00,0,0
1592995100,s1-eth2,3234.00,125662.00,128896.00,125662,3234,49.00,83.00,132.00,83,49,0.00,0.00,0,0
1592995100,s2-eth1,125662.00,3234.00,128896.00,3234,125662,83.00,49.00,132.00,49,83,0.00,0.00,0,0
1592995100,s2-eth2,3234.00,125662.00,128896.00,125662,3234,49.00,83.00,132.00,83,49,0.00,0.00,0,0
1592995100,s3-eth1,125662.00,3234.00,128896.00,3234,125662,83.00,49.00,132.00,49,83,0.00,0.00,0,0
1592995100,s3-eth2,3234.00,125662.00,128896.00,125662,3234,49.00,83.00,132.00,83,49,0.00,0.00,0,0
1592995100,eth0,0.00,0.00,0.00,0,0,0.00,0.00,0.00,0,0,0.00,0.00,0,0
1592995100,lo,0.00,0.00,0.00,0,0,0.00,0.00,0.00,0,0,0.00,0.00,0,0
1592995100,total,385174.00,386688.00,771862.00,386688,385174,395.00,396.00,791.00,396,395,0.00,0.00,0,0
1592995101,s1-eth1,126536.00,2772.00,129308.00,2772,126536,84.00,42.00,126.00,42,84,0.00,0.00,0,0
1592995101,s1-eth2,2772.00,125022.00,127794.00,125022,2772,42.00,83.00,125.00,83,42,0.00,0.00,0,0
1592995101,s2-eth1,125022.00,2772.00,127794.00,2772,125022,83.00,42.00,125.00,42,83,0.00,0.00,0,0
1592995101,s2-eth2,2772.00,125022.00,127794.00,125022,2772,42.00,83.00,125.00,83,42,0.00,0.00,0,0
1592995101,s3-eth1,125022.00,2772.00,127794.00,2772,125022,83.00,42.00,125.00,42,83,0.00,0.00,0,0
1592995101,s3-eth2,2772.00,125022.00,127794.00,125022,2772,42.00,83.00,125.00,83,42,0.00,0.00,0,0
1592995101,eth0,0.00,0.00,0.00,0,0,0.00,0.00,0.00,0,0,0.00,0.00,0,0
1592995101,lo,0.00,0.00,0.00,0,0,0.00,0.00,0.00,0,0,0.00,0.00,0,0
1592995101,total,384896.00,383382.00,768278.00,383382,384896,376.00,375.00,751.00,375,376,0.00,0.00,0,0
1592995102,s1-eth1,124148.00,2772.00,126920.00,2772,124148,82.00,42.00,124.00,42,82,0.00,0.00,0,0
1592995102,s1-eth2,2772.00,124148.00,126920.00,124148,2772,42.00,82.00,124.00,82,42,0.00,0.00,0,0
1592995102,s2-eth1,124148.00,2772.00,126920.00,2772,124148,82.00,42.00,124.00,42,82,0.00,0.00,0,0
1592995102,s2-eth2,2772.00,124148.00,126920.00,124148,2772,42.00,82.00,124.00,82,42,0.00,0.00,0,0
1592995102,s3-eth1,124148.00,2772.00,126920.00,2772,124148,82.00,42.00,124.00,42,82,0.00,0.00,0,0
1592995102,s3-eth2,2772.00,124148.00,126920.00,124148,2772,42.00,82.00,124.00,82,42,0.00,0.00,0,0
1592995102,eth0,0.00,0.00,0.00,0,0,0.00,0.00,0.00,0,0,0.00,0.00,0,0
1592995102,lo,0.00,0.00,0.00,0,0,0.00,0.00,0.00,0,0,0.00,0.00,0,0
1592995102,total,380760.00,380760.00,761520.00,380760,380760,372.00,372.00,744.00,372,372,0.00,0.00,0,0
1592995103,s1-eth1,125536.47,3428.57,128965.04,3432,125662,82.92,51.95,134.87,52,83,0.00,0.00,0,0
1592995103,s1-eth2,3428.57,125536.47,128965.04,125662,3432,51.95,82.92,134.87,83,52,0.00,0.00,0,0
1592995103,s2-eth1,125536.47,3428.57,128965.04,3432,125662,82.92,51.95,134.87,52,83,0.00,0.00,0,0
1592995103,s2-eth2,3428.57,125536.47,128965.04,125662,3432,51.95,82.92,134.87,83,52,0.00,0.00,0,0
1592995103,s3-eth1,125536.47,3428.57,128965.04,3432,125662,82.92,51.95,134.87,52,83,0.00,0.00,0,0
1592995103,s3-eth2,3428.57,125536.47,128965.04,125662,3432,51.95,82.92,134.87,83,52,0.00,0.00,0,0
1592995103,eth0,0.00,0.00,0.00,0,0,0.00,0.00,0.00,0,0,0.00,0.00,0,0
1592995103,lo,0.00,0.00,0.00,0,0,0.00,0.00,0.00,0,0,0.00,0.00,0,0
1592995103,total,386895.12,386895.12,773790.25,387282,387282,404.60,404.60,809.19,405,405,0.00,0.00,0,0
1592995104,s1-eth1,124145.86,2769.23,126915.09,2772,124270,82.92,41.96,124.88,42,83,0.00,0.00,0,0
1592995104,s1-eth2,2769.23,124145.86,126915.09,124270,2772,41.96,82.92,124.88,83,42,0.00,0.00,0,0
1592995104,s2-eth1,124145.86,2769.23,126915.09,2772,124270,82.92,41.96,124.88,42,83,0.00,0.00,0,0
1592995104,s2-eth2,2769.23,124145.86,126915.09,124270,2772,41.96,82.92,124.88,83,42,0.00,0.00,0,0
1592995104,s3-eth1,124145.86,2769.23,126915.09,2772,124270,82.92,41.96,124.88,42,83,0.00,0.00,0,0
1592995104,s3-eth2,2769.23,124145.86,126915.09,124270,2772,41.96,82.92,124.88,83,42,0.00,0.00,0,0
1592995104,eth0,0.00,0.00,0.00,0,0,0.00,0.00,0.00,0,0,0.00,0.00,0,0
1592995104,lo,515.48,515.48,1030.97,516,516,8.99,8.99,17.98,9,9,0.00,0.00,0,0
1592995104,total,381260.75,381260.75,762521.50,381642,381642,383.62,383.62,767.23,384,384,0.00,0.00,0,0
1592995105,s1-eth1,125662.00,2706.00,128368.00,2706,125662,83.00,41.00,124.00,41,83,0.00,0.00,0,0
1592995105,s1-eth2,2706.00,125662.00,128368.00,125662,2706,41.00,83.00,124.00,83,41,0.00,0.00,0,0
1592995105,s2-eth1,125662.00,2706.00,128368.00,2706,125662,83.00,41.00,124.00,41,83,0.00,0.00,0,0
1592995105,s2-eth2,2706.00,125662.00,128368.00,125662,2706,41.00,83.00,124.00,83,41,0.00,0.00,0,0
1592995105,s3-eth1,125662.00,2706.00,128368.00,2706,125662,83.00,41.00,124.00,41,83,0.00,0.00,0,0
1592995105,s3-eth2,2706.00,125662.00,128368.00,125662,2706,41.00,83.00,124.00,83,41,0.00,0.00,0,0
1592995105,eth0,0.00,0.00,0.00,0,0,0.00,0.00,0.00,0,0,0.00,0.00,0,0
1592995105,lo,0.00,0.00,0.00,0,0,0.00,0.00,0.00,0,0,0.00,0.00,0,0
1592995105,total,385104.00,385104.00,770208.00,385104,385104,372.00,372.00,744.00,372,372,0.00,0.00,0,0
1592995106,s1-eth1,124270.00,2814.00,127084.00,2814,124270,83.00,43.00,126.00,43,83,0.00,0.00,0,0
1592995106,s1-eth2,2814.00,125784.00,128598.00,125784,2814,43.00,84.00,127.00,84,43,0.00,0.00,0,0
1592995106,s2-eth1,125784.00,2814.00,128598.00,2814,125784,84.00,43.00,127.00,43,84,0.00,0.00,0,0
1592995106,s2-eth2,2814.00,125784.00,128598.00,125784,2814,43.00,84.00,127.00,84,43,0.00,0.00,0,0
1592995106,s3-eth1,125784.00,2814.00,128598.00,2814,125784,84.00,43.00,127.00,43,84,0.00,0.00,0,0
1592995106,s3-eth2,2814.00,125784.00,128598.00,125784,2814,43.00,84.00,127.00,84,43,0.00,0.00,0,0
1592995106,eth0,0.00,0.00,0.00,0,0,0.00,0.00,0.00,0,0,0.00,0.00,0,0
1592995106,lo,888.00,888.00,1776.00,888,888,9.00,9.00,18.00,9,9,0.00,0.00,0,0
1592995106,total,385168.00,386682.00,771850.00,386682,385168,389.00,390.00,779.00,390,389,0.00,0.00,0,0
1592995107,s1-eth1,125662.00,3408.00,129070.00,3408,125662,83.00,52.00,135.00,52,83,0.00,0.00,0,0
1592995107,s1-eth2,3408.00,124148.00,127556.00,124148,3408,52.00,82.00,134.00,82,52,0.00,0.00,0,0
1592995107,s2-eth1,124148.00,3408.00,127556.00,3408,124148,82.00,52.00,134.00,52,82,0.00,0.00,0,0
1592995107,s2-eth2,3408.00,124148.00,127556.00,124148,3408,52.00,82.00,134.00,82,52,0.00,0.00,0,0
1592995107,s3-eth1,124148.00,3408.00,127556.00,3408,124148,82.00,52.00,134.00,52,82,0.00,0.00,0,0
1592995107,s3-eth2,3408.00,124148.00,127556.00,124148,3408,52.00,82.00,134.00,82,52,0.00,0.00,0,0
1592995107,eth0,0.00,0.00,0.00,0,0,0.00,0.00,0.00,0,0,0.00,0.00,0,0
1592995107,lo,0.00,0.00,0.00,0,0,0.00,0.00,0.00,0,0,0.00,0.00,0,0
1592995107,total,384182.00,382668.00,766850.00,382668,384182,403.00,402.00,805.00,402,403,0.00,0.00,0,0
1592995108,s1-eth1,125826.00,2814.00,128640.00,2814,125826,85.00,43.00,128.00,43,85,0.00,0.00,0,0
1592995108,s1-eth2,2814.00,125826.00,128640.00,125826,2814,43.00,85.00,128.00,85,43,0.00,0.00,0,0
1592995108,s2-eth1,125826.00,2814.00,128640.00,2814,125826,85.00,43.00,128.00,43,85,0.00,0.00,0,0
1592995108,s2-eth2,2814.00,125826.00,128640.00,125826,2814,43.00,85.00,128.00,85,43,0.00,0.00,0,0
1592995108,s3-eth1,125826.00,2814.00,128640.00,2814,125826,85.00,43.00,128.00,43,85,0.00,0.00,0,0
1592995108,s3-eth2,2814.00,125826.00,128640.00,125826,2814,43.00,85.00,128.00,85,43,0.00,0.00,0,0
1592995108,eth0,0.00,0.00,0.00,0,0,0.00,0.00,0.00,0,0,0.00,0.00,0,0
1592995108,lo,0.00,0.00,0.00,0,0,0.00,0.00,0.00,0,0,0.00,0.00,0,0
1592995108,total,385920.00,385920.00,771840.00,385920,385920,384.00,384.00,768.00,384,384,0.00,0.00,0,0
1592995109,s1-eth1,124190.00,2706.00,126896.00,2706,124190,83.00,41.00,124.00,41,83,0.00,0.00,0,0
1592995109,s1-eth2,2706.00,124190.00,126896.00,124190,2706,41.00,83.00,124.00,83,41,0.00,0.00,0,0
1592995109,s2-eth1,124190.00,2706.00,126896.00,2706,124190,83.00,41.00,124.00,41,83,0.00,0.00,0,0
1592995109,s2-eth2,2706.00,124190.00,126896.00,124190,2706,41.00,83.00,124.00,83,41,0.00,0.00,0,0
1592995109,s3-eth1,124190.00,2706.00,126896.00,2706,124190,83.00,41.00,124.00,41,83,0.00,0.00,0,0
1592995109,s3-eth2,2706.00,124190.00,126896.00,124190,2706,41.00,83.00,124.00,83,41,0.00,0.00,0,0
1592995109,eth0,0.00,0.00,0.00,0,0,0.00,0.00,0.00,0,0,0.00,0.00,0,0
1592995109,lo,0.00,0.00,0.00,0,0,0.00,0.00,0.00,0,0,0.00,0.00,0,0
1592995109,total,380688.00,380688.00,761376.00,380688,380688,372.00,372.00,744.00,372,372,0.00,0.00,0,0
1592995110,s1-eth1,125704.00,2772.00,128476.00,2772,125704,84.00,42.00,126.00,42,84,0.00,0.00,0,0
1592995110,s1-eth2,2772.00,125704.00,128476.00,125704,2772,42.00,84.00,126.00,84,42,0.00,0.00,0,0
1592995110,s2-eth1,125704.00,2772.00,128476.00,2772,125704,84.00,42.00,126.00,42,84,0.00,0.00,0,0
1592995110,s2-eth2,2772.00,125704.00,128476.00,125704,2772,42.00,84.00,126.00,84,42,0.00,0.00,0,0
1592995110,s3-eth1,125704.00,2772.00,128476.00,2772,125704,84.00,42.00,126.00,42,84,0.00,0.00,0,0
1592995110,s3-eth2,2772.00,125704.00,128476.00,125704,2772,42.00,84.00,126.00,84,42,0.00,0.00,0,0
1592995110,eth0,0.00,0.00,0.00,0,0,0.00,0.00,0.00,0,0,0.00,0.00,0,0
1592995110,lo,0.00,0.00,0.00,0,0,0.00,0.00,0.00,0,0,0.00,0.00,0,0
1592995110,total,385428.00,385428.00,770856.00,385428,385428,378.00,378.00,756.00,378,378,0.00,0.00,0,0
1592995111,s1-eth1,124897.11,2703.30,127600.41,2706,125022,82.92,40.96,123.88,41,83,0.00,0.00,0,0
1592995111,s1-eth2,2703.30,124897.11,127600.41,125022,2706,40.96,82.92,123.88,83,41,0.00,0.00,0,0
1592995111,s2-eth1,124897.11,2703.30,127600.41,2706,125022,82.92,40.96,123.88,41,83,0.00,0.00,0,0
1592995111,s2-eth2,2703.30,124897.11,127600.41,125022,2706,40.96,82.92,123.88,83,41,0.00,0.00,0,0
1592995111,s3-eth1,124897.11,2703.30,127600.41,2706,125022,82.92,40.96,123.88,41,83,0.00,0.00,0,0
1592995111,s3-eth2,2703.30,124897.11,127600.41,125022,2706,40.96,82.92,123.88,83,41,0.00,0.00,0,0
1592995111,eth0,0.00,0.00,0.00,0,0,0.00,0.00,0.00,0,0,0.00,0.00,0,0
1592995111,lo,515.48,515.48,1030.97,516,516,8.99,8.99,17.98,9,9,0.00,0.00,0,0
1592995111,total,383316.69,383316.69,766633.38,383700,383700,380.62,380.62,761.24,381,381,0.00,0.00,0,0
1592995112,s1-eth1,124148.00,2706.00,126854.00,2706,124148,82.00,41.00,123.00,41,82,0.00,0.00,0,0
1592995112,s1-eth2,2706.00,125662.00,128368.00,125662,2706,41.00,83.00,124.00,83,41,0.00,0.00,0,0
1592995112,s2-eth1,125662.00,2706.00,128368.00,2706,125662,83.00,41.00,124.00,41,83,0.00,0.00,0,0
1592995112,s2-eth2,2706.00,125662.00,128368.00,125662,2706,41.00,83.00,124.00,83,41,0.00,0.00,0,0
1592995112,s3-eth1,125662.00,2706.00,128368.00,2706,125662,83.00,41.00,124.00,41,83,0.00,0.00,0,0
1592995112,s3-eth2,2706.00,125662.00,128368.00,125662,2706,41.00,83.00,124.00,83,41,0.00,0.00,0,0
1592995112,eth0,0.00,0.00,0.00,0,0,0.00,0.00,0.00,0,0,0.00,0.00,0,0
1592995112,lo,0.00,0.00,0.00,0,0,0.00,0.00,0.00,0,0,0.00,0.00,0,0
1592995112,total,383590.00,385104.00,768694.00,385104,383590,371.00,372.00,743.00,372,371,0.00,0.00,0,0
1592995113,s1-eth1,125662.00,2772.00,128434.00,2772,125662,83.00,42.00,125.00,42,83,0.00,0.00,0,0
1592995113,s1-eth2,2772.00,124148.00,126920.00,124148,2772,42.00,82.00,124.00,82,42,0.00,0.00,0,0
1592995113,s2-eth1,124148.00,2772.00,126920.00,2772,124148,82.00,42.00,124.00,42,82,0.00,0.00,0,0
1592995113,s2-eth2,2772.00,124148.00,126920.00,124148,2772,42.00,82.00,124.00,82,42,0.00,0.00,0,0
1592995113,s3-eth1,124148.00,2772.00,126920.00,2772,124148,82.00,42.00,124.00,42,82,0.00,0.00,0,0
1592995113,s3-eth2,2772.00,124148.00,126920.00,124148,2772,42.00,82.00,124.00,82,42,0.00,0.00,0,0
1592995113,eth0,0.00,0.00,0.00,0,0,0.00,0.00,0.00,0,0,0.00,0.00,0,0
1592995113,lo,0.00,0.00,0.00,0,0,0.00,0.00,0.00,0,0,0.00,0.00,0,0
1592995113,total,382274.00,380760.00,763034.00,380760,382274,373.00,372.00,745.00,372,373,0.00,0.00,0,0
1592995114,s1-eth1,125662.00,2706.00,128368.00,2706,125662,83.00,41.00,124.00,41,83,0.00,0.00,0,0
1592995114,s1-eth2,2706.00,125662.00,128368.00,125662,2706,41.00,83.00,124.00,83,41,0.00,0.00,0,0
1592995114,s2-eth1,125662.00,2706.00,128368.00,2706,125662,83.00,41.00,124.00,41,83,0.00,0.00,0,0
1592995114,s2-eth2,2706.00,125662.00,128368.00,125662,2706,41.00,83.00,124.00,83,41,0.00,0.00,0,0
1592995114,s3-eth1,125662.00,2706.00,128368.00,2706,125662,83.00,41.00,124.00,41,83,0.00,0.00,0,0
1592995114,s3-eth2,2706.00,125662.00,128368.00,125662,2706,41.00,83.00,124.00,83,41,0.00,0.00,0,0
1592995114,eth0,0.00,0.00,0.00,0,0,0.00,0.00,0.00,0,0,0.00,0.00,0,0
1592995114,lo,0.00,0.00,0.00,0,0,0.00,0.00,0.00,0,0,0.00,0.00,0,0
1592995114,total,385104.00,385104.00,770208.00,385104,385104,372.00,372.00,744.00,372,372,0.00,0.00,0,0
1592995115,s1-eth1,124148.00,2706.00,126854.00,2706,124148,82.00,41.00,123.00,41,82,0.00,0.00,0,0
1592995115,s1-eth2,2706.00,124148.00,126854.00,124148,2706,41.00,82.00,123.00,82,41,0.00,0.00,0,0
1592995115,s2-eth1,124148.00,2706.00,126854.00,2706,124148,82.00,41.00,123.00,41,82,0.00,0.00,0,0
1592995115,s2-eth2,2706.00,124148.00,126854.00,124148,2706,41.00,82.00,123.00,82,41,0.00,0.00,0,0
1592995115,s3-eth1,124148.00,2706.00,126854.00,2706,124148,82.00,41.00,123.00,41,82,0.00,0.00,0,0
1592995115,s3-eth2,2706.00,124148.00,126854.00,124148,2706,41.00,82.00,123.00,82,41,0.00,0.00,0,0
1592995115,eth0,0.00,0.00,0.00,0,0,0.00,0.00,0.00,0,0,0.00,0.00,0,0
1592995115,lo,0.00,0.00,0.00,0,0,0.00,0.00,0.00,0,0,0.00,0.00,0,0
1592995115,total,380562.00,380562.00,761124.00,380562,380562,369.00,369.00,738.00,369,369,0.00,0.00,0,0
1592995116,s1-eth1,125840.00,2838.00,128678.00,2838,125840,84.00,43.00,127.00,43,84,0.00,0.00,0,0
1592995116,s1-eth2,2838.00,125840.00,128678.00,125840,2838,43.00,84.00,127.00,84,43,0.00,0.00,0,0
1592995116,s2-eth1,125840.00,2838.00,128678.00,2838,125840,84.00,43.00,127.00,43,84,0.00,0.00,0,0
1592995116,s2-eth2,2838.00,125840.00,128678.00,125840,2838,43.00,84.00,127.00,84,43,0.00,0.00,0,0
1592995116,s3-eth1,125840.00,2838.00,128678.00,2838,125840,84.00,43.00,127.00,43,84,0.00,0.00,0,0
1592995116,s3-eth2,2838.00,125840.00,128678.00,125840,2838,43.00,84.00,127.00,84,43,0.00,0.00,0,0
1592995116,eth0,0.00,0.00,0.00,0,0,0.00,0.00,0.00,0,0,0.00,0.00,0,0
1592995116,lo,516.00,516.00,1032.00,516,516,9.00,9.00,18.00,9,9,0.00,0.00,0,0
1592995116,total,386550.00,386550.00,773100.00,386550,386550,390.00,390.00,780.00,390,390,0.00,0.00,0,0
1592995117,s1-eth1,124148.00,2706.00,126854.00,2706,124148,82.00,41.00,123.00,41,82,0.00,0.00,0,0
1592995117,s1-eth2,2706.00,124148.00,126854.00,124148,2706,41.00,82.00,123.00,82,41,0.00,0.00,0,0
1592995117,s2-eth1,124148.00,2706.00,126854.00,2706,124148,82.00,41.00,123.00,41,82,0.00,0.00,0,0
1592995117,s2-eth2,2706.00,124148.00,126854.00,124148,2706,41.00,82.00,123.00,82,41,0.00,0.00,0,0
1592995117,s3-eth1,124148.00,2706.00,126854.00,2706,124148,82.00,41.00,123.00,41,82,0.00,0.00,0,0
1592995117,s3-eth2,2706.00,124148.00,126854.00,124148,2706,41.00,82.00,123.00,82,41,0.00,0.00,0,0
1592995117,eth0,0.00,0.00,0.00,0,0,0.00,0.00,0.00,0,0,0.00,0.00,0,0
1592995117,lo,0.00,0.00,0.00,0,0,0.00,0.00,0.00,0,0,0.00,0.00,0,0
1592995117,total,380562.00,380562.00,761124.00,380562,380562,369.00,369.00,738.00,369,369,0.00,0.00,0,0
1592995118,s1-eth1,125662.00,2706.00,128368.00,2706,125662,83.00,41.00,124.00,41,83,0.00,0.00,0,0
1592995118,s1-eth2,2706.00,125662.00,128368.00,125662,2706,41.00,83.00,124.00,83,41,0.00,0.00,0,0
1592995118,s2-eth1,125662.00,2706.00,128368.00,2706,125662,83.00,41.00,124.00,41,83,0.00,0.00,0,0
1592995118,s2-eth2,2706.00,125662.00,128368.00,125662,2706,41.00,83.00,124.00,83,41,0.00,0.00,0,0
1592995118,s3-eth1,125662.00,2706.00,128368.00,2706,125662,83.00,41.00,124.00,41,83,0.00,0.00,0,0
1592995118,s3-eth2,2706.00,125662.00,128368.00,125662,2706,41.00,83.00,124.00,83,41,0.00,0.00,0,0
1592995118,eth0,0.00,0.00,0.00,0,0,0.00,0.00,0.00,0,0,0.00,0.00,0,0
1592995118,lo,0.00,0.00,0.00,0,0,0.00,0.00,0.00,0,0,0.00,0.00,0,0
1592995118,total,385104.00,385104.00,770208.00,385104,385104,372.00,372.00,744.00,372,372,0.00,0.00,0,0
1592995119,s1-eth1,125536.47,2769.23,128305.70,2772,125662,82.92,41.96,124.88,42,83,0.00,0.00,0,0
1592995119,s1-eth2,2769.23,125536.47,128305.70,125662,2772,41.96,82.92,124.88,83,42,0.00,0.00,0,0
1592995119,s2-eth1,125536.47,2769.23,128305.70,2772,125662,82.92,41.96,124.88,42,83,0.00,0.00,0,0
1592995119,s2-eth2,2769.23,125536.47,128305.70,125662,2772,41.96,82.92,124.88,83,42,0.00,0.00,0,0
1592995119,s3-eth1,125536.47,2769.23,128305.70,2772,125662,82.92,41.96,124.88,42,83,0.00,0.00,0,0
1592995119,s3-eth2,2703.30,125536.47,128239.77,125662,2706,40.96,82.92,123.88,83,41,0.00,0.00,0,0
1592995119,eth0,0.00,0.00,0.00,0,0,0.00,0.00,0.00,0,0,0.00,0.00,0,0
1592995119,lo,0.00,0.00,0.00,0,0,0.00,0.00,0.00,0,0,0.00,0.00,0,0
1592995119,total,384851.16,384917.09,769768.25,385302,385236,373.63,374.63,748.25,375,374,0.00,0.00,0,0
1592995120,s1-eth1,124326.00,2772.00,127098.00,2772,124326,83.00,42.00,125.00,42,83,0.00,0.00,0,0
1592995120,s1-eth2,2772.00,124326.00,127098.00,124326,2772,42.00,83.00,125.00,83,42,0.00,0.00,0,0
1592995120,s2-eth1,124326.00,2772.00,127098.00,2772,124326,83.00,42.00,125.00,42,83,0.00,0.00,0,0
1592995120,s2-eth2,2772.00,124326.00,127098.00,124326,2772,42.00,83.00,125.00,83,42,0.00,0.00,0,0
1592995120,s3-eth1,124326.00,2772.00,127098.00,2772,124326,83.00,42.00,125.00,42,83,0.00,0.00,0,0
1592995120,s3-eth2,2838.00,124326.00,127164.00,124326,2838,43.00,83.00,126.00,83,43,0.00,0.00,0,0
1592995120,eth0,0.00,0.00,0.00,0,0,0.00,0.00,0.00,0,0,0.00,0.00,0,0
1592995120,lo,0.00,0.00,0.00,0,0,0.00,0.00,0.00,0,0,0.00,0.00,0,0
1592995120,total,381360.00,381294.00,762654.00,381294,381360,376.00,375.00,751.00,375,376,0.00,0.00,0,0
1592995121,s1-eth1,125662.00,2970.00,128632.00,2970,125662,83.00,45.00,128.00,45,83,0.00,0.00,0,0
1592995121,s1-eth2,2970.00,125662.00,128632.00,125662,2970,45.00,83.00,128.00,83,45,0.00,0.00,0,0
1592995121,s2-eth1,125662.00,2970.00,128632.00,2970,125662,83.00,45.00,128.00,45,83,0.00,0.00,0,0
1592995121,s2-eth2,2970.00,125662.00,128632.00,125662,2970,45.00,83.00,128.00,83,45,0.00,0.00,0,0
1592995121,s3-eth1,125662.00,2970.00,128632.00,2970,125662,83.00,45.00,128.00,45,83,0.00,0.00,0,0
1592995121,s3-eth2,2970.00,125662.00,128632.00,125662,2970,45.00,83.00,128.00,83,45,0.00,0.00,0,0
1592995121,eth0,0.00,0.00,0.00,0,0,0.00,0.00,0.00,0,0,0.00,0.00,0,0
1592995121,lo,516.00,516.00,1032.00,516,516,9.00,9.00,18.00,9,9,0.00,0.00,0,0
1592995121,total,386412.00,386412.00,772824.00,386412,386412,393.00,393.00,786.00,393,393,0.00,0.00,0,0
1592995122,s1-eth1,124148.00,2706.00,126854.00,2706,124148,82.00,41.00,123.00,41,82,0.00,0.00,0,0
1592995122,s1-eth2,2706.00,124148.00,126854.00,124148,2706,41.00,82.00,123.00,82,41,0.00,0.00,0,0
1592995122,s2-eth1,124148.00,2706.00,126854.00,2706,124148,82.00,41.00,123.00,41,82,0.00,0.00,0,0
1592995122,s2-eth2,2706.00,124148.00,126854.00,124148,2706,41.00,82.00,123.00,82,41,0.00,0.00,0,0
1592995122,s3-eth1,124148.00,2706.00,126854.00,2706,124148,82.00,41.00,123.00,41,82,0.00,0.00,0,0
1592995122,s3-eth2,2706.00,124148.00,126854.00,124148,2706,41.00,82.00,123.00,82,41,0.00,0.00,0,0
1592995122,eth0,0.00,0.00,0.00,0,0,0.00,0.00,0.00,0,0,0.00,0.00,0,0
1592995122,lo,0.00,0.00,0.00,0,0,0.00,0.00,0.00,0,0,0.00,0.00,0,0
1592995122,total,380562.00,380562.00,761124.00,380562,380562,369.00,369.00,738.00,369,369,0.00,0.00,0,0
1592995123,s1-eth1,125662.00,2772.00,128434.00,2772,125662,83.00,42.00,125.00,42,83,0.00,0.00,0,0
1592995123,s1-eth2,2772.00,125662.00,128434.00,125662,2772,42.00,83.00,125.00,83,42,0.00,0.00,0,0
1592995123,s2-eth1,125662.00,2772.00,128434.00,2772,125662,83.00,42.00,125.00,42,83,0.00,0.00,0,0
1592995123,s2-eth2,2772.00,125662.00,128434.00,125662,2772,42.00,83.00,125.00,83,42,0.00,0.00,0,0
1592995123,s3-eth1,125662.00,2772.00,128434.00,2772,125662,83.00,42.00,125.00,42,83,0.00,0.00,0,0
1592995123,s3-eth2,2772.00,125662.00,128434.00,125662,2772,42.00,83.00,125.00,83,42,0.00,0.00,0,0
1592995123,eth0,0.00,0.00,0.00,0,0,0.00,0.00,0.00,0,0,0.00,0.00,0,0
1592995123,lo,0.00,0.00,0.00,0,0,0.00,0.00,0.00,0,0,0.00,0.00,0,0
1592995123,total,385302.00,385302.00,770604.00,385302,385302,375.00,375.00,750.00,375,375,0.00,0.00,0,0
1592995124,s1-eth1,124326.00,2772.00,127098.00,2772,124326,83.00,42.00,125.00,42,83,0.00,0.00,0,0
1592995124,s1-eth2,2772.00,125840.00,128612.00,125840,2772,42.00,84.00,126.00,84,42,0.00,0.00,0,0
1592995124,s2-eth1,125840.00,2772.00,128612.00,2772,125840,84.00,42.00,126.00,42,84,0.00,0.00,0,0
1592995124,s2-eth2,2772.00,125840.00,128612.00,125840,2772,42.00,84.00,126.00,84,42,0.00,0.00,0,0
1592995124,s3-eth1,125840.00,2772.00,128612.00,2772,125840,84.00,42.00,126.00,42,84,0.00,0.00,0,0
1592995124,s3-eth2,2772.00,125840.00,128612.00,125840,2772,42.00,84.00,126.00,84,42,0.00,0.00,0,0
1592995124,eth0,0.00,0.00,0.00,0,0,0.00,0.00,0.00,0,0,0.00,0.00,0,0
1592995124,lo,0.00,0.00,0.00,0,0,0.00,0.00,0.00,0,0,0.00,0.00,0,0
1592995124,total,384322.00,385836.00,770158.00,385836,384322,377.00,378.00,755.00,378,377,0.00,0.00,0,0
1592995125,s1-eth1,125662.00,2706.00,128368.00,2706,125662,83.00,41.00,124.00,41,83,0.00,0.00,0,0
1592995125,s1-eth2,2706.00,124148.00,126854.00,124148,2706,41.00,82.00,123.00,82,41,0.00,0.00,0,0
1592995125,s2-eth1,124148.00,2706.00,126854.00,2706,124148,82.00,41.00,123.00,41,82,0.00,0.00,0,0
1592995125,s2-eth2,2706.00,124148.00,126854.00,124148,2706,41.00,82.00,123.00,82,41,0.00,0.00,0,0
1592995125,s3-eth1,124148.00,2706.00,126854.00,2706,124148,82.00,41.00,123.00,41,82,0.00,0.00,0,0
1592995125,s3-eth2,2706.00,124148.00,126854.00,124148,2706,41.00,82.00,123.00,82,41,0.00,0.00,0,0
1592995125,eth0,0.00,0.00,0.00,0,0,0.00,0.00,0.00,0,0,0.00,0.00,0,0
1592995125,lo,0.00,0.00,0.00,0,0,0.00,0.00,0.00,0,0,0.00,0.00,0,0
1592995125,total,382076.00,380562.00,762638.00,380562,382076,370.00,369.00,739.00,369,370,0.00,0.00,0,0
1592995126,s1-eth1,125536.47,2769.23,128305.70,2772,125662,82.92,41.96,124.88,42,83,0.00,0.00,0,0
1592995126,s1-eth2,2769.23,125536.47,128305.70,125662,2772,41.96,82.92,124.88,83,42,0.00,0.00,0,0
1592995126,s2-eth1,125536.47,2769.23,128305.70,2772,125662,82.92,41.96,124.88,42,83,0.00,0.00,0,0
1592995126,s2-eth2,2769.23,125536.47,128305.70,125662,2772,41.96,82.92,124.88,83,42,0.00,0.00,0,0
1592995126,s3-eth1,125536.47,2769.23,128305.70,2772,125662,82.92,41.96,124.88,42,83,0.00,0.00,0,0
1592995126,s3-eth2,2769.23,125536.47,128305.70,125662,2772,41.96,82.92,124.88,83,42,0.00,0.00,0,0
1592995126,eth0,0.00,0.00,0.00,0,0,0.00,0.00,0.00,0,0,0.00,0.00,0,0
1592995126,lo,515.48,515.48,1030.97,516,516,8.99,8.99,17.98,9,9,0.00,0.00,0,0
1592995126,total,385432.56,385432.56,770865.12,385818,385818,383.62,383.62,767.23,384,384,0.00,0.00,0,0
1592995127,s1-eth1,124148.00,2706.00,126854.00,2706,124148,82.00,41.00,123.00,41,82,0.00,0.00,0,0
1592995127,s1-eth2,2706.00,124148.00,126854.00,124148,2706,41.00,82.00,123.00,82,41,0.00,0.00,0,0
1592995127,s2-eth1,124148.00,2706.00,126854.00,2706,124148,82.00,41.00,123.00,41,82,0.00,0.00,0,0
1592995127,s2-eth2,2706.00,124148.00,126854.00,124148,2706,41.00,82.00,123.00,82,41,0.00,0.00,0,0
1592995127,s3-eth1,124148.00,2706.00,126854.00,2706,124148,82.00,41.00,123.00,41,82,0.00,0.00,0,0
1592995127,s3-eth2,2706.00,124148.00,126854.00,124148,2706,41.00,82.00,123.00,82,41,0.00,0.00,0,0
1592995127,eth0,0.00,0.00,0.00,0,0,0.00,0.00,0.00,0,0,0.00,0.00,0,0
1592995127,lo,0.00,0.00,0.00,0,0,0.00,0.00,0.00,0,0,0.00,0.00,0,0
1592995127,total,380562.00,380562.00,761124.00,380562,380562,369.00,369.00,738.00,369,369,0.00,0.00,0,0
1592995128,s1-eth1,125536.47,2703.30,128239.77,2706,125662,82.92,40.96,123.88,41,83,0.00,0.00,0,0
1592995128,s1-eth2,2703.30,125536.47,128239.77,125662,2706,40.96,82.92,123.88,83,41,0.00,0.00,0,0
1592995128,s2-eth1,125536.47,2703.30,128239.77,2706,125662,82.92,40.96,123.88,41,83,0.00,0.00,0,0
1592995128,s2-eth2,2703.30,125536.47,128239.77,125662,2706,40.96,82.92,123.88,83,41,0.00,0.00,0,0
1592995128,s3-eth1,125536.47,2703.30,128239.77,2706,125662,82.92,40.96,123.88,41,83,0.00,0.00,0,0
1592995128,s3-eth2,2703.30,125536.47,128239.77,125662,2706,40.96,82.92,123.88,83,41,0.00,0.00,0,0
1592995128,eth0,0.00,0.00,0.00,0,0,0.00,0.00,0.00,0,0,0.00,0.00,0,0
1592995128,lo,0.00,0.00,0.00,0,0,0.00,0.00,0.00,0,0,0.00,0.00,0,0
1592995128,total,384719.28,384719.28,769438.56,385104,385104,371.63,371.63,743.26,372,372,0.00,0.00,0,0
1592995129,s1-eth1,124326.00,2772.00,127098.00,2772,124326,83.00,42.00,125.00,42,83,0.00,0.00,0,0
1592995129,s1-eth2,2772.00,125840.00,128612.00,125840,2772,42.00,84.00,126.00,84,42,0.00,0.00,0,0
1592995129,s2-eth1,125840.00,2772.00,128612.00,2772,125840,84.00,42.00,126.00,42,84,0.00,0.00,0,0
1592995129,s2-eth2,2772.00,125840.00,128612.00,125840,2772,42.00,84.00,126.00,84,42,0.00,0.00,0,0
1592995129,s3-eth1,125840.00,2772.00,128612.00,2772,125840,84.00,42.00,126.00,42,84,0.00,0.00,0,0
1592995129,s3-eth2,2772.00,125840.00,128612.00,125840,2772,42.00,84.00,126.00,84,42,0.00,0.00,0,0
1592995129,eth0,0.00,0.00,0.00,0,0,0.00,0.00,0.00,0,0,0.00,0.00,0,0
1592995129,lo,0.00,0.00,0.00,0,0,0.00,0.00,0.00,0,0,0.00,0.00,0,0
1592995129,total,384322.00,385836.00,770158.00,385836,384322,377.00,378.00,755.00,378,377,0.00,0.00,0,0
1592995130,s1-eth1,125662.00,2772.00,128434.00,2772,125662,83.00,42.00,125.00,42,83,0.00,0.00,0,0
1592995130,s1-eth2,2772.00,124148.00,126920.00,124148,2772,42.00,82.00,124.00,82,42,0.00,0.00,0,0
1592995130,s2-eth1,124148.00,2772.00,126920.00,2772,124148,82.00,42.00,124.00,42,82,0.00,0.00,0,0
1592995130,s2-eth2,2772.00,124148.00,126920.00,124148,2772,42.00,82.00,124.00,82,42,0.00,0.00,0,0
1592995130,s3-eth1,124148.00,2772.00,126920.00,2772,124148,82.00,42.00,124.00,42,82,0.00,0.00,0,0
1592995130,s3-eth2,2772.00,124148.00,126920.00,124148,2772,42.00,82.00,124.00,82,42,0.00,0.00,0,0
1592995130,eth0,0.00,0.00,0.00,0,0,0.00,0.00,0.00,0,0,0.00,0.00,0,0
1592995130,lo,0.00,0.00,0.00,0,0,0.00,0.00,0.00,0,0,0.00,0.00,0,0
1592995130,total,382274.00,380760.00,763034.00,380760,382274,373.00,372.00,745.00,372,373,0.00,0.00,0,0
1592995131,s1-eth1,125662.00,2706.00,128368.00,2706,125662,83.00,41.00,124.00,41,83,0.00,0.00,0,0
1592995131,s1-eth2,2706.00,125662.00,128368.00,125662,2706,41.00,83.00,124.00,83,41,0.00,0.00,0,0
1592995131,s2-eth1,125662.00,2706.00,128368.00,2706,125662,83.00,41.00,124.00,41,83,0.00,0.00,0,0
1592995131,s2-eth2,2706.00,125662.00,128368.00,125662,2706,41.00,83.00,124.00,83,41,0.00,0.00,0,0
1592995131,s3-eth1,125662.00,2706.00,128368.00,2706,125662,83.00,41.00,124.00,41,83,0.00,0.00,0,0
1592995131,s3-eth2,2706.00,125662.00,128368.00,125662,2706,41.00,83.00,124.00,83,41,0.00,0.00,0,0
1592995131,eth0,0.00,0.00,0.00,0,0,0.00,0.00,0.00,0,0,0.00,0.00,0,0
1592995131,lo,516.00,516.00,1032.00,516,516,9.00,9.00,18.00,9,9,0.00,0.00,0,0
1592995131,total,385620.00,385620.00,771240.00,385620,385620,381.00,381.00,762.00,381,381,0.00,0.00,0,0
1592995132,s1-eth1,124023.98,2703.30,126727.27,2706,124148,81.92,40.96,122.88,41,82,0.00,0.00,0,0
1592995132,s1-eth2,2703.30,124023.98,126727.27,124148,2706,40.96,81.92,122.88,82,41,0.00,0.00,0,0
1592995132,s2-eth1,124023.98,2703.30,126727.27,2706,124148,81.92,40.96,122.88,41,82,0.00,0.00,0,0
1592995132,s2-eth2,2703.30,124023.98,126727.27,124148,2706,40.96,81.92,122.88,82,41,0.00,0.00,0,0
1592995132,s3-eth1,124023.98,2703.30,126727.27,2706,124148,81.92,40.96,122.88,41,82,0.00,0.00,0,0
1592995132,s3-eth2,2703.30,124023.98,126727.27,124148,2706,40.96,81.92,122.88,82,41,0.00,0.00,0,0
1592995132,eth0,0.00,0.00,0.00,0,0,0.00,0.00,0.00,0,0,0.00,0.00,0,0
1592995132,lo,0.00,0.00,0.00,0,0,0.00,0.00,0.00,0,0,0.00,0.00,0,0
1592995132,total,380181.84,380181.84,760363.69,380562,380562,368.63,368.63,737.26,369,369,0.00,0.00,0,0
1592995133,s1-eth1,125840.00,2838.00,128678.00,2838,125840,84.00,43.00,127.00,43,84,0.00,0.00,0,0
1592995133,s1-eth2,2838.00,125840.00,128678.00,125840,2838,43.00,84.00,127.00,84,43,0.00,0.00,0,0
1592995133,s2-eth1,125840.00,2838.00,128678.00,2838,125840,84.00,43.00,127.00,43,84,0.00,0.00,0,0
1592995133,s2-eth2,2838.00,125840.00,128678.00,125840,2838,43.00,84.00,127.00,84,43,0.00,0.00,0,0
1592995133,s3-eth1,125840.00,2838.00,128678.00,2838,125840,84.00,43.00,127.00,43,84,0.00,0.00,0,0
1592995133,s3-eth2,2838.00,125840.00,128678.00,125840,2838,43.00,84.00,127.00,84,43,0.00,0.00,0,0
1592995133,eth0,0.00,0.00,0.00,0,0,0.00,0.00,0.00,0,0,0.00,0.00,0,0
1592995133,lo,0.00,0.00,0.00,0,0,0.00,0.00,0.00,0,0,0.00,0.00,0,0
1592995133,total,386034.00,386034.00,772068.00,386034,386034,381.00,381.00,762.00,381,381,0.00,0.00,0,0
1592995134,s1-eth1,124148.00,2706.00,126854.00,2706,124148,82.00,41.00,123.00,41,82,0.00,0.00,0,0
1592995134,s1-eth2,2706.00,125662.00,128368.00,125662,2706,41.00,83.00,124.00,83,41,0.00,0.00,0,0
1592995134,s2-eth1,125662.00,2706.00,128368.00,2706,125662,83.00,41.00,124.00,41,83,0.00,0.00,0,0
1592995134,s2-eth2,2706.00,125662.00,128368.00,125662,2706,41.00,83.00,124.00,83,41,0.00,0.00,0,0
1592995134,s3-eth1,125662.00,2706.00,128368.00,2706,125662,83.00,41.00,124.00,41,83,0.00,0.00,0,0
1592995134,s3-eth2,2706.00,125662.00,128368.00,125662,2706,41.00,83.00,124.00,83,41,0.00,0.00,0,0
1592995134,eth0,0.00,0.00,0.00,0,0,0.00,0.00,0.00,0,0,0.00,0.00,0,0
1592995134,lo,0.00,0.00,0.00,0,0,0.00,0.00,0.00,0,0,0.00,0.00,0,0
1592995134,total,383590.00,385104.00,768694.00,385104,383590,371.00,372.00,743.00,372,371,0.00,0.00,0,0
1592995135,s1-eth1,125658.34,2769.23,128427.58,2772,125784,83.92,41.96,125.87,42,84,0.00,0.00,0,0
1592995135,s1-eth2,2769.23,124145.86,126915.09,124270,2772,41.96,82.92,124.88,83,42,0.00,0.00,0,0
1592995135,s2-eth1,124145.86,2769.23,126915.09,2772,124270,82.92,41.96,124.88,42,83,0.00,0.00,0,0
1592995135,s2-eth2,2769.23,124145.86,126915.09,124270,2772,41.96,82.92,124.88,83,42,0.00,0.00,0,0
1592995135,s3-eth1,124145.86,2769.23,126915.09,2772,124270,82.92,41.96,124.88,42,83,0.00,0.00,0,0
1592995135,s3-eth2,2769.23,124145.86,126915.09,124270,2772,41.96,82.92,124.88,83,42,0.00,0.00,0,0
1592995135,eth0,0.00,0.00,0.00,0,0,0.00,0.00,0.00,0,0,0.00,0.00,0,0
1592995135,lo,515.48,515.48,1030.97,516,516,8.99,8.99,17.98,9,9,0.00,0.00,0,0
1592995135,total,382773.25,381260.75,764034.00,381642,383156,384.62,383.62,768.23,384,385,0.00,0.00,0,0
1592995136,s1-eth1,125662.00,2748.00,128410.00,2748,125662,83.00,42.00,125.00,42,83,0.00,0.00,0,0
1592995136,s1-eth2,2748.00,125662.00,128410.00,125662,2748,42.00,83.00,125.00,83,42,0.00,0.00,0,0
1592995136,s2-eth1,125662.00,2748.00,128410.00,2748,125662,83.00,42.00,125.00,42,83,0.00,0.00,0,0
1592995136,s2-eth2,2748.00,125662.00,128410.00,125662,2748,42.00,83.00,125.00,83,42,0.00,0.00,0,0
1592995136,s3-eth1,125662.00,2748.00,128410.00,2748,125662,83.00,42.00,125.00,42,83,0.00,0.00,0,0
1592995136,s3-eth2,2748.00,125662.00,128410.00,125662,2748,42.00,83.00,125.00,83,42,0.00,0.00,0,0
1592995136,eth0,0.00,0.00,0.00,0,0,0.00,0.00,0.00,0,0,0.00,0.00,0,0
1592995136,lo,0.00,0.00,0.00,0,0,0.00,0.00,0.00,0,0,0.00,0.00,0,0
1592995136,total,385230.00,385230.00,770460.00,385230,385230,375.00,375.00,750.00,375,375,0.00,0.00,0,0
1592995137,s1-eth1,124148.00,3078.00,127226.00,3078,124148,82.00,47.00,129.00,47,82,0.00,0.00,0,0
1592995137,s1-eth2,3078.00,124148.00,127226.00,124148,3078,47.00,82.00,129.00,82,47,0.00,0.00,0,0
1592995137,s2-eth1,124148.00,3078.00,127226.00,3078,124148,82.00,47.00,129.00,47,82,0.00,0.00,0,0
1592995137,s2-eth2,3078.00,124148.00,127226.00,124148,3078,47.00,82.00,129.00,82,47,0.00,0.00,0,0
1592995137,s3-eth1,124148.00,3078.00,127226.00,3078,124148,82.00,47.00,129.00,47,82,0.00,0.00,0,0
1592995137,s3-eth2,3078.00,124148.00,127226.00,124148,3078,47.00,82.00,129.00,82,47,0.00,0.00,0,0
1592995137,eth0,0.00,0.00,0.00,0,0,0.00,0.00,0.00,0,0,0.00,0.00,0,0
1592995137,lo,0.00,0.00,0.00,0,0,0.00,0.00,0.00,0,0,0.00,0.00,0,0
1592995137,total,381678.00,381678.00,763356.00,381678,381678,387.00,387.00,774.00,387,387,0.00,0.00,0,0
1592995138,s1-eth1,125704.00,2748.00,128452.00,2748,125704,84.00,42.00,126.00,42,84,0.00,0.00,0,0
1592995138,s1-eth2,2748.00,125704.00,128452.00,125704,2748,42.00,84.00,126.00,84,42,0.00,0.00,0,0
1592995138,s2-eth1,125704.00,2748.00,128452.00,2748,125704,84.00,42.00,126.00,42,84,0.00,0.00,0,0
1592995138,s2-eth2,2748.00,125704.00,128452.00,125704,2748,42.00,84.00,126.00,84,42,0.00,0.00,0,0
1592995138,s3-eth1,125704.00,2748.00,128452.00,2748,125704,84.00,42.00,126.00,42,84,0.00,0.00,0,0
1592995138,s3-eth2,2748.00,125704.00,128452.00,125704,2748,42.00,84.00,126.00,84,42,0.00,0.00,0,0
1592995138,eth0,0.00,0.00,0.00,0,0,0.00,0.00,0.00,0,0,0.00,0.00,0,0
1592995138,lo,0.00,0.00,0.00,0,0,0.00,0.00,0.00,0,0,0.00,0.00,0,0
1592995138,total,385356.00,385356.00,770712.00,385356,385356,378.00,378.00,756.00,378,378,0.00,0.00,0,0
1592995139,s1-eth1,125064.00,2772.00,127836.00,2772,125064,84.00,42.00,126.00,42,84,0.00,0.00,0,0
1592995139,s1-eth2,2772.00,125064.00,127836.00,125064,2772,42.00,84.00,126.00,84,42,0.00,0.00,0,0
1592995139,s2-eth1,125064.00,2772.00,127836.00,2772,125064,84.00,42.00,126.00,42,84,0.00,0.00,0,0
1592995139,s2-eth2,2772.00,125064.00,127836.00,125064,2772,42.00,84.00,126.00,84,42,0.00,0.00,0,0
1592995139,s3-eth1,125064.00,2772.00,127836.00,2772,125064,84.00,42.00,126.00,42,84,0.00,0.00,0,0
1592995139,s3-eth2,2772.00,125064.00,127836.00,125064,2772,42.00,84.00,126.00,84,42,0.00,0.00,0,0
1592995139,eth0,0.00,0.00,0.00,0,0,0.00,0.00,0.00,0,0,0.00,0.00,0,0
1592995139,lo,0.00,0.00,0.00,0,0,0.00,0.00,0.00,0,0,0.00,0.00,0,0
1592995139,total,383508.00,383508.00,767016.00,383508,383508,378.00,378.00,756.00,378,378,0.00,0.00,0,0
1592995140,s1-eth1,124190.00,2706.00,126896.00,2706,124190,83.00,41.00,124.00,41,83,0.00,0.00,0,0
1592995140,s1-eth2,2706.00,125704.00,128410.00,125704,2706,41.00,84.00,125.00,84,41,0.00,0.00,0,0
1592995140,s2-eth1,125704.00,2706.00,128410.00,2706,125704,84.00,41.00,125.00,41,84,0.00,0.00,0,0
1592995140,s2-eth2,2706.00,125704.00,128410.00,125704,2706,41.00,84.00,125.00,84,41,0.00,0.00,0,0
1592995140,s3-eth1,125704.00,2706.00,128410.00,2706,125704,84.00,41.00,125.00,41,84,0.00,0.00,0,0
1592995140,s3-eth2,2706.00,125704.00,128410.00,125704,2706,41.00,84.00,125.00,84,41,0.00,0.00,0,0
1592995140,eth0,0.00,0.00,0.00,0,0,0.00,0.00,0.00,0,0,0.00,0.00,0,0
1592995140,lo,516.00,516.00,1032.00,516,516,9.00,9.00,18.00,9,9,0.00,0.00,0,0
1592995140,total,384232.00,385746.00,769978.00,385746,384232,383.00,384.00,767.00,384,383,0.00,0.00,0,0
1592995141,s1-eth1,125662.00,2772.00,128434.00,2772,125662,83.00,42.00,125.00,42,83,0.00,0.00,0,0
1592995141,s1-eth2,2772.00,124148.00,126920.00,124148,2772,42.00,82.00,124.00,82,42,0.00,0.00,0,0
1592995141,s2-eth1,124148.00,2772.00,126920.00,2772,124148,82.00,42.00,124.00,42,82,0.00,0.00,0,0
1592995141,s2-eth2,2772.00,124148.00,126920.00,124148,2772,42.00,82.00,124.00,82,42,0.00,0.00,0,0
1592995141,s3-eth1,124148.00,2772.00,126920.00,2772,124148,82.00,42.00,124.00,42,82,0.00,0.00,0,0
1592995141,s3-eth2,2772.00,124148.00,126920.00,124148,2772,42.00,82.00,124.00,82,42,0.00,0.00,0,0
1592995141,eth0,0.00,0.00,0.00,0,0,0.00,0.00,0.00,0,0,0.00,0.00,0,0
1592995141,lo,0.00,0.00,0.00,0,0,0.00,0.00,0.00,0,0,0.00,0.00,0,0
1592995141,total,382274.00,380760.00,763034.00,380760,382274,373.00,372.00,745.00,372,373,0.00,0.00,0,0
1592995142,s1-eth1,125662.00,2706.00,128368.00,2706,125662,83.00,41.00,124.00,41,83,0.00,0.00,0,0
1592995142,s1-eth2,2706.00,125662.00,128368.00,125662,2706,41.00,83.00,124.00,83,41,0.00,0.00,0,0
1592995142,s2-eth1,125662.00,2706.00,128368.00,2706,125662,83.00,41.00,124.00,41,83,0.00,0.00,0,0
1592995142,s2-eth2,2706.00,125662.00,128368.00,125662,2706,41.00,83.00,124.00,83,41,0.00,0.00,0,0
1592995142,s3-eth1,125662.00,2706.00,128368.00,2706,125662,83.00,41.00,124.00,41,83,0.00,0.00,0,0
1592995142,s3-eth2,2706.00,125662.00,128368.00,125662,2706,41.00,83.00,124.00,83,41,0.00,0.00,0,0
1592995142,eth0,0.00,0.00,0.00,0,0,0.00,0.00,0.00,0,0,0.00,0.00,0,0
1592995142,lo,0.00,0.00,0.00,0,0,0.00,0.00,0.00,0,0,0.00,0.00,0,0
1592995142,total,385104.00,385104.00,770208.00,385104,385104,372.00,372.00,744.00,372,372,0.00,0.00,0,0
1592995143,s1-eth1,123830.68,2760.96,126591.64,2772,124326,82.67,41.83,124.50,42,83,0.00,0.00,0,0
1592995143,s1-eth2,2760.96,125338.65,128099.60,125840,2772,41.83,83.67,125.50,84,42,0.00,0.00,0,0
1592995143,s2-eth1,125338.65,2760.96,128099.60,2772,125840,83.67,41.83,125.50,42,84,0.00,0.00,0,0
1592995143,s2-eth2,2760.96,125338.65,128099.60,125840,2772,41.83,83.67,125.50,84,42,0.00,0.00,0,0
1592995143,s3-eth1,125338.65,2760.96,128099.60,2772,125840,83.67,41.83,125.50,42,84,0.00,0.00,0,0
1592995143,s3-eth2,2760.96,125338.65,128099.60,125840,2772,41.83,83.67,125.50,84,42,0.00,0.00,0,0
1592995143,eth0,340.64,340.64,681.27,342,342,1.00,1.00,1.99,1,1,0.00,0.00,0,0
1592995143,lo,0.00,0.00,0.00,0,0,0.00,0.00,0.00,0,0,0.00,0.00,0,0
1592995143,total,383131.50,384639.47,767770.94,386178,384664,376.49,377.49,753.98,379,378,0.00,0.00,0,0
1592995144,s1-eth1,72042.00,1650.00,73692.00,1650,72042,49.00,25.00,74.00,25,49,0.00,0.00,0,0
1592995144,s1-eth2,1650.00,70528.00,72178.00,70528,1650,25.00,48.00,73.00,48,25,0.00,0.00,0,0
1592995144,s2-eth1,70528.00,1650.00,72178.00,1650,70528,48.00,25.00,73.00,25,48,0.00,0.00,0,0
1592995144,s2-eth2,1650.00,70528.00,72178.00,70528,1650,25.00,48.00,73.00,48,25,0.00,0.00,0,0
1592995144,s3-eth1,70528.00,1650.00,72178.00,1650,70528,48.00,25.00,73.00,25,48,0.00,0.00,0,0
1592995144,s3-eth2,1650.00,70528.00,72178.00,70528,1650,25.00,48.00,73.00,48,25,0.00,0.00,0,0
1592995144,eth0,0.00,0.00,0.00,0,0,0.00,0.00,0.00,0,0,0.00,0.00,0,0
1592995144,lo,0.00,0.00,0.00,0,0,0.00,0.00,0.00,0,0,0.00,0.00,0,0
1592995144,total,218048.00,216534.00,434582.00,216534,218048,220.00,219.00,439.00,219,220,0.00,0.00,0,0
1592995145,s1-eth1,0.00,0.00,0.00,0,0,0.00,0.00,0.00,0,0,0.00,0.00,0,0
1592995145,s1-eth2,0.00,0.00,0.00,0,0,0.00,0.00,0.00,0,0,0.00,0.00,0,0
1592995145,s2-eth1,0.00,0.00,0.00,0,0,0.00,0.00,0.00,0,0,0.00,0.00,0,0
1592995145,s2-eth2,0.00,0.00,0.00,0,0,0.00,0.00,0.00,0,0,0.00,0.00,0,0
1592995145,s3-eth1,0.00,0.00,0.00,0,0,0.00,0.00,0.00,0,0,0.00,0.00,0,0
1592995145,s3-eth2,0.00,0.00,0.00,0,0,0.00,0.00,0.00,0,0,0.00,0.00,0,0
1592995145,eth0,0.00,0.00,0.00,0,0,0.00,0.00,0.00,0,0,0.00,0.00,0,0
1592995145,lo,516.00,516.00,1032.00,516,516,9.00,9.00,18.00,9,9,0.00,0.00,0,0
1592995145,total,516.00,516.00,1032.00,516,516,9.00,9.00,18.00,9,9,0.00,0.00,0,0
1592995146,s1-eth1,0.00,0.00,0.00,0,0,0.00,0.00,0.00,0,0,0.00,0.00,0,0
1592995146,s1-eth2,0.00,0.00,0.00,0,0,0.00,0.00,0.00,0,0,0.00,0.00,0,0
1592995146,s2-eth1,0.00,0.00,0.00,0,0,0.00,0.00,0.00,0,0,0.00,0.00,0,0
1592995146,s2-eth2,0.00,0.00,0.00,0,0,0.00,0.00,0.00,0,0,0.00,0.00,0,0
1592995146,s3-eth1,0.00,0.00,0.00,0,0,0.00,0.00,0.00,0,0,0.00,0.00,0,0
1592995146,s3-eth2,0.00,0.00,0.00,0,0,0.00,0.00,0.00,0,0,0.00,0.00,0,0
1592995146,eth0,0.00,0.00,0.00,0,0,0.00,0.00,0.00,0,0,0.00,0.00,0,0
1592995146,lo,0.00,0.00,0.00,0,0,0.00,0.00,0.00,0,0,0.00,0.00,0,0
1592995146,total,0.00,0.00,0.00,0,0,0.00,0.00,0.00,0,0,0.00,0.00,0,0
1592995147,s1-eth1,0.00,0.00,0.00,0,0,0.00,0.00,0.00,0,0,0.00,0.00,0,0
1592995147,s1-eth2,0.00,0.00,0.00,0,0,0.00,0.00,0.00,0,0,0.00,0.00,0,0
1592995147,s2-eth1,0.00,0.00,0.00,0,0,0.00,0.00,0.00,0,0,0.00,0.00,0,0
1592995147,s2-eth2,0.00,0.00,0.00,0,0,0.00,0.00,0.00,0,0,0.00,0.00,0,0
1592995147,s3-eth1,0.00,0.00,0.00,0,0,0.00,0.00,0.00,0,0,0.00,0.00,0,0
1592995147,s3-eth2,0.00,0.00,0.00,0,0,0.00,0.00,0.00,0,0,0.00,0.00,0,0
1592995147,eth0,0.00,0.00,0.00,0,0,0.00,0.00,0.00,0,0,0.00,0.00,0,0
1592995147,lo,0.00,0.00,0.00,0,0,0.00,0.00,0.00,0,0,0.00,0.00,0,0
1592995147,total,0.00,0.00,0.00,0,0,0.00,0.00,0.00,0,0,0.00,0.00,0,0
1592995148,s1-eth1,0.00,0.00,0.00,0,0,0.00,0.00,0.00,0,0,0.00,0.00,0,0
1592995148,s1-eth2,0.00,0.00,0.00,0,0,0.00,0.00,0.00,0,0,0.00,0.00,0,0
1592995148,s2-eth1,0.00,0.00,0.00,0,0,0.00,0.00,0.00,0,0,0.00,0.00,0,0
1592995148,s2-eth2,0.00,0.00,0.00,0,0,0.00,0.00,0.00,0,0,0.00,0.00,0,0
1592995148,s3-eth1,0.00,0.00,0.00,0,0,0.00,0.00,0.00,0,0,0.00,0.00,0,0
1592995148,s3-eth2,0.00,0.00,0.00,0,0,0.00,0.00,0.00,0,0,0.00,0.00,0,0
1592995148,eth0,60.00,60.00,120.00,60,60,1.00,1.00,2.00,1,1,0.00,0.00,0,0
1592995148,lo,0.00,0.00,0.00,0,0,0.00,0.00,0.00,0,0,0.00,0.00,0,0
1592995148,total,60.00,60.00,120.00,60,60,1.00,1.00,2.00,1,1,0.00,0.00,0,0
1592995149,s1-eth1,0.00,0.00,0.00,0,0,0.00,0.00,0.00,0,0,0.00,0.00,0,0
1592995149,s1-eth2,0.00,0.00,0.00,0,0,0.00,0.00,0.00,0,0,0.00,0.00,0,0
1592995149,s2-eth1,0.00,0.00,0.00,0,0,0.00,0.00,0.00,0,0,0.00,0.00,0,0
1592995149,s2-eth2,0.00,0.00,0.00,0,0,0.00,0.00,0.00,0,0,0.00,0.00,0,0
1592995149,s3-eth1,0.00,0.00,0.00,0,0,0.00,0.00,0.00,0,0,0.00,0.00,0,0
1592995149,s3-eth2,0.00,0.00,0.00,0,0,0.00,0.00,0.00,0,0,0.00,0.00,0,0
1592995149,eth0,0.00,0.00,0.00,0,0,0.00,0.00,0.00,0,0,0.00,0.00,0,0
1592995149,lo,0.00,0.00,0.00,0,0,0.00,0.00,0.00,0,0,0.00,0.00,0,0
1592995149,total,0.00,0.00,0.00,0,0,0.00,0.00,0.00,0,0,0.00,0.00,0,0
1592995150,eth0,1368.00,792.00,2160.00,792,1368,12.00,12.00,24.00,12,12,0.00,0.00,0,0
1592995150,lo,1036.00,1036.00,2072.00,1036,1036,15.00,15.00,30.00,15,15,0.00,0.00,0,0
1592995150,total,18446744073709551616.00,18446744073709551616.00,18446744073709551616.00,18446744073684732619,18446744073684733453,18446744073709527040.00,18446744073709527040.00,18446744073709502464.00,18446744073709527078,18446744073709527081,0.00,0.00,0,0
1592995151,eth0,106.00,66.00,172.